3600.  3.369921E-16
3601.20000004768  2.949647E-16
3602.40000009537  2.837589E-16
3603.60000014305  2.676596E-16
3604.80000019073  2.334484E-16
3606.00000023842  2.609330E-16
3607.2000002861  2.899546E-16
3608.40000033379  2.678884E-16
3609.60000038147  2.254888E-16
3610.80000042915  2.359459E-16
3612.00000047684  2.626402E-16
3613.20000052452  2.339206E-16
3614.4000005722  2.389572E-16
3615.60000061989  2.396533E-16
3616.80000066757  2.588433E-16
3618.00000071526  2.361378E-16
3619.20000076294  2.380384E-16
3620.40000081062  2.381163E-16
3621.60000085831  2.454803E-16
3622.80000090599  2.872486E-16
3624.00000095367  2.956423E-16
3625.20000100136  2.753263E-16
3626.40000104904  2.682601E-16
3627.60000109672  2.637425E-16
3628.80000114441  2.676375E-16
3630.00000119209  2.659200E-16
3631.20000123978  2.653228E-16
3632.40000128746  2.509825E-16
3633.60000133514  2.553610E-16
3634.80000138283  2.677500E-16
3636.00000143051  2.479910E-16
3637.2000014782  2.642351E-16
3638.40000152588  2.310610E-16
3639.60000157356  2.222300E-16
3640.80000162125  2.269191E-16
3642.00000166893  2.833840E-16
3643.20000171661  2.598112E-16
3644.4000017643  2.401706E-16
3645.60000181198  2.116716E-16
3646.80000185966  2.164634E-16
3648.00000190735  2.426154E-16
3649.20000195503  2.717037E-16
3650.40000200272  2.575753E-16
3651.6000020504  2.661957E-16
3652.80000209808  1.851057E-16
3654.00000214577  2.456367E-16
3655.20000219345  2.445600E-16
3656.40000224113  2.413116E-16
3657.60000228882  2.138470E-16
3658.8000023365  2.676603E-16
3660.00000238419  2.416055E-16
3661.20000243187  2.392260E-16
3662.40000247955  2.441797E-16
3663.60000252724  2.243730E-16
3664.80000257492  2.171048E-16
3666.00000262261  2.465900E-16
3667.20000267029  2.772493E-16
3668.40000271797  2.539693E-16
3669.60000276566  2.289558E-16
3670.80000281334  2.508658E-16
3672.00000286102  2.768302E-16
3673.20000290871  2.502038E-16
3674.40000295639  2.729737E-16
3675.60000300407  2.757360E-16
3676.80000305176  2.315551E-16
3678.00000309944  2.175516E-16
3679.20000314713  2.798181E-16
3680.40000319481  2.251452E-16
3681.60000324249  2.364741E-16
3682.80000329018  2.694276E-16
3684.00000333786  2.123228E-16
3685.20000338554  2.099713E-16
3686.40000343323  2.504078E-16
3687.60000348091  2.151554E-16
3688.8000035286  2.379968E-16
3690.00000357628  2.479078E-16
3691.20000362396  2.383577E-16
3692.40000367165  2.554943E-16
3693.60000371933  2.413144E-16
3694.80000376701  2.345235E-16
3696.0000038147  2.334448E-16
3697.20000386238  2.463989E-16
3698.40000391006  2.294536E-16
3699.60000395775  2.389492E-16
3700.80000400543  2.254828E-16
3702.00000405312  2.454286E-16
3703.2000041008  2.595457E-16
3704.40000414848  2.607462E-16
3705.60000419617  2.372051E-16
3706.80000424385  2.199144E-16
3708.00000429154  2.626415E-16
3709.20000433922  2.628476E-16
3710.4000043869  2.596932E-16
3711.60000443459  2.382360E-16
3712.80000448227  1.955930E-16
3714.00000452995  2.337978E-16
3715.20000457764  2.188147E-16
3716.40000462532  2.264530E-16
3717.600004673  2.366133E-16
3718.80000472069  2.444133E-16
3720.00000476837  2.303365E-16
3721.20000481606  2.453774E-16
3722.40000486374  2.495127E-16
3723.60000491142  2.467317E-16
3724.80000495911  2.582330E-16
3726.00000500679  2.884818E-16
3727.20000505448  3.487090E-16
3728.40000510216  5.520793E-16
3729.60000514984  1.116904E-15
3730.80000519753  2.273011E-15
3732.00000524521  3.565094E-15
3733.20000529289  4.554842E-15
3734.40000534058  4.923727E-15
3735.60000538826  4.090528E-15
3736.80000543594  2.465346E-15
3738.00000548363  1.134171E-15
3739.20000553131  5.472384E-16
3740.400005579  3.719594E-16
3741.60000562668  2.753517E-16
3742.80000567436  2.594575E-16
3744.00000572205  2.575571E-16
3745.20000576973  2.842360E-16
3746.40000581741  2.717604E-16
3747.6000058651  2.692703E-16
3748.80000591278  2.857248E-16
3750.00000596046  2.673756E-16
3751.20000600815  2.450730E-16
3752.40000605583  2.349643E-16
3753.60000610352  2.318015E-16
3754.8000061512  2.625004E-16
3756.00000619888  2.660443E-16
3757.20000624657  2.616821E-16
3758.40000629425  2.532345E-16
3759.60000634194  2.541062E-16
3760.80000638962  2.507581E-16
3762.0000064373  2.705077E-16
3763.20000648499  2.784831E-16
3764.40000653267  2.735180E-16
3765.60000658035  2.729251E-16
3766.80000662804  2.762314E-16
3768.00000667572  2.559622E-16
3769.2000067234  2.830866E-16
3770.40000677109  2.622490E-16
3771.60000681877  2.664911E-16
3772.80000686646  2.635896E-16
3774.00000691414  2.424674E-16
3775.20000696182  2.429055E-16
3776.40000700951  2.946535E-16
3777.60000705719  2.789847E-16
3778.80000710487  2.714830E-16
3780.00000715256  2.633912E-16
3781.20000720024  2.708513E-16
3782.40000724792  2.786519E-16
3783.60000729561  2.827973E-16
3784.80000734329  2.847536E-16
3786.00000739098  2.897921E-16
3787.20000743866  2.996023E-16
3788.40000748634  3.126474E-16
3789.60000753403  2.876982E-16
3790.80000758171  3.106079E-16
3792.0000076294  3.099180E-16
3793.20000767708  3.061790E-16
3794.40000772476  2.925913E-16
3795.60000777245  2.829263E-16
3796.80000782013  2.601880E-16
3798.00000786781  2.529946E-16
3799.2000079155  2.386555E-16
3800.40000796318  2.523769E-16
3801.60000801087  2.412068E-16
3802.80000805855  2.740039E-16
3804.00000810623  3.085015E-16
3805.20000815392  2.940230E-16
3806.4000082016  2.658860E-16
3807.60000824928  2.675449E-16
3808.80000829697  2.758050E-16
3810.00000834465  3.045895E-16
3811.20000839233  3.120681E-16
3812.40000844002  3.015741E-16
3813.6000084877  2.940998E-16
3814.80000853539  3.087583E-16
3816.00000858307  2.964468E-16
3817.20000863075  3.183798E-16
3818.40000867844  3.405354E-16
3819.60000872612  3.371749E-16
3820.8000087738  3.287767E-16
3822.00000882149  3.064212E-16
3823.20000886917  3.084348E-16
3824.40000891686  3.208410E-16
3825.60000896454  3.223632E-16
3826.80000901222  3.027073E-16
3828.00000905991  3.137316E-16
3829.20000910759  3.066932E-16
3830.40000915527  3.155528E-16
3831.60000920296  3.101383E-16
3832.80000925064  2.982473E-16
3834.00000929833  2.603967E-16
3835.20000934601  2.879270E-16
3836.40000939369  2.736085E-16
3837.60000944138  2.542805E-16
3838.80000948906  2.525410E-16
3840.00000953674  3.020935E-16
3841.20000958443  3.306701E-16
3842.40000963211  3.560532E-16
3843.6000096798  2.932977E-16
3844.80000972748  2.660396E-16
3846.00000977516  2.428636E-16
3847.20000982285  2.715248E-16
3848.40000987053  2.911611E-16
3849.60000991821  2.984689E-16
3850.8000099659  3.115584E-16
3852.00001001358  3.215898E-16
3853.20001006127  3.290987E-16
3854.40001010895  3.309606E-16
3855.60001015663  3.256060E-16
3856.80001020432  3.238846E-16
3858.000010252  3.409477E-16
3859.20001029968  3.537984E-16
3860.40001034737  3.508903E-16
3861.60001039505  3.433264E-16
3862.80001044274  3.410266E-16
3864.00001049042  3.424563E-16
3865.2000105381  3.397683E-16
3866.40001058579  3.343780E-16
3867.60001063347  3.325894E-16
3868.80001068115  3.609638E-16
3870.00001072884  3.428170E-16
3871.20001077652  3.636051E-16
3872.4000108242  4.158248E-16
3873.60001087189  5.488795E-16
3874.80001091957  6.792943E-16
3876.00001096726  6.486379E-16
3877.20001101494  4.749350E-16
3878.40001106262  3.763616E-16
3879.60001111031  3.474314E-16
3880.80001115799  3.333765E-16
3882.00001120567  3.197209E-16
3883.20001125336  3.183745E-16
3884.40001130104  3.127574E-16
3885.60001134873  2.886168E-16
3886.80001139641  3.032465E-16
3888.00001144409  2.836373E-16
3889.20001149178  2.675328E-16
3890.40001153946  2.533972E-16
3891.60001158714  2.767789E-16
3892.80001163483  3.568715E-16
3894.00001168251  4.979887E-16
3895.20001173019  5.795292E-16
3896.40001177788  4.986489E-16
3897.60001182556  3.657178E-16
3898.80001187325  2.973227E-16
3900.00001192093  2.779600E-16
3901.20001196861  2.687880E-16
3902.4000120163  2.812728E-16
3903.60001206398  2.956319E-16
3904.80001211167  3.053098E-16
3906.00001215935  3.047016E-16
3907.20001220703  3.243958E-16
3908.40001225472  3.097365E-16
3909.6000123024  3.290289E-16
3910.80001235008  3.278260E-16
3912.00001239777  3.580901E-16
3913.20001244545  3.273201E-16
3914.40001249313  3.488417E-16
3915.60001254082  3.550701E-16
3916.8000125885  3.388440E-16
3918.00001263619  3.516678E-16
3919.20001268387  3.484144E-16
3920.40001273155  3.313702E-16
3921.60001277924  3.212392E-16
3922.80001282692  3.394823E-16
3924.00001287461  3.390172E-16
3925.20001292229  3.463609E-16
3926.40001296997  3.476533E-16
3927.60001301766  3.282212E-16
3928.80001306534  3.373850E-16
3930.00001311302  3.356387E-16
3931.20001316071  3.209596E-16
3932.40001320839  3.148188E-16
3933.60001325607  3.044627E-16
3934.80001330376  2.978568E-16
3936.00001335144  2.855177E-16
3937.20001339913  2.665442E-16
3938.40001344681  2.482433E-16
3939.60001349449  2.563376E-16
3940.80001354218  2.778372E-16
3942.00001358986  2.897898E-16
3943.20001363754  3.087941E-16
3944.40001368523  3.300074E-16
3945.60001373291  3.170382E-16
3946.80001378059  3.273330E-16
3948.00001382828  3.218548E-16
3949.20001387596  3.333210E-16
3950.40001392365  3.327525E-16
3951.60001397133  3.248312E-16
3952.80001401901  3.332254E-16
3954.0000140667  3.390611E-16
3955.20001411438  3.272396E-16
3956.40001416206  3.368325E-16
3957.60001420975  3.249845E-16
3958.80001425743  3.389737E-16
3960.00001430512  3.006593E-16
3961.2000143528  3.131014E-16
3962.40001440048  3.117598E-16
3963.60001444817  2.871160E-16
3964.80001449585  2.912719E-16
3966.00001454353  3.055316E-16
3967.20001459122  2.734256E-16
3968.4000146389  2.744357E-16
3969.60001468659  2.539099E-16
3970.80001473427  2.688585E-16
3972.00001478195  2.917723E-16
3973.20001482964  3.471468E-16
3974.40001487732  4.313004E-16
3975.600014925  5.188908E-16
3976.80001497269  5.255218E-16
3978.00001502037  4.147447E-16
3979.20001506806  3.055128E-16
3980.40001511574  2.552299E-16
3981.60001516342  2.571660E-16
3982.80001521111  2.598757E-16
3984.00001525879  2.616250E-16
3985.20001530647  2.910529E-16
3986.40001535416  2.999887E-16
3987.60001540184  2.965695E-16
3988.80001544953  2.928366E-16
3990.00001549721  2.999292E-16
3991.20001554489  3.039292E-16
3992.40001559258  3.162572E-16
3993.60001564026  3.241896E-16
3994.80001568794  3.252058E-16
3996.00001573563  3.408447E-16
3997.20001578331  3.192603E-16
3998.40001583099  3.190956E-16
3999.60001587868  3.541448E-16
4000.80001592636  3.475298E-16
4002.00001597405  3.443757E-16
4003.20001602173  3.333838E-16
4004.40001606941  3.290540E-16
4005.6000161171  3.284431E-16
4006.80001616478  3.712584E-16
4008.00001621247  3.422471E-16
4009.20001626015  3.369937E-16
4010.40001630783  3.460255E-16
4011.60001635552  3.324355E-16
4012.8000164032  3.210122E-16
4014.00001645088  3.357552E-16
4015.20001649857  3.347469E-16
4016.40001654625  3.320663E-16
4017.60001659393  3.494581E-16
4018.80001664162  3.547458E-16
4020.0000166893  3.430704E-16
4021.20001673699  3.466785E-16
4022.40001678467  3.467728E-16
4023.60001683235  3.382509E-16
4024.80001688004  3.580240E-16
4026.00001692772  3.591075E-16
4027.2000169754  3.513712E-16
4028.40001702309  3.411714E-16
4029.60001707077  3.438799E-16
4030.80001711846  3.457808E-16
4032.00001716614  3.662662E-16
4033.20001721382  3.593947E-16
4034.40001726151  3.482735E-16
4035.60001730919  3.378855E-16
4036.80001735687  3.409178E-16
4038.00001740456  3.359617E-16
4039.20001745224  3.318388E-16
4040.40001749993  3.338709E-16
4041.60001754761  3.496637E-16
4042.80001759529  3.461999E-16
4044.00001764298  3.509023E-16
4045.20001769066  3.531127E-16
4046.40001773834  3.568462E-16
4047.60001778603  3.479223E-16
4048.80001783371  3.390115E-16
4050.0000178814  3.354531E-16
4051.20001792908  3.325926E-16
4052.40001797676  3.340189E-16
4053.60001802445  3.406660E-16
4054.80001807213  3.332904E-16
4056.00001811981  3.281495E-16
4057.2000181675  3.494935E-16
4058.40001821518  3.239006E-16
4059.60001826286  3.344964E-16
4060.80001831055  3.337199E-16
4062.00001835823  3.365704E-16
4063.20001840592  3.474803E-16
4064.4000184536  3.414352E-16
4065.60001850128  3.367325E-16
4066.80001854897  3.459288E-16
4068.00001859665  3.257822E-16
4069.20001864433  3.216075E-16
4070.40001869202  3.385959E-16
4071.6000187397  3.324463E-16
4072.80001878739  3.541454E-16
4074.00001883507  3.854949E-16
4075.20001888275  3.986569E-16
4076.40001893044  3.850876E-16
4077.60001897812  3.492083E-16
4078.8000190258  3.365031E-16
4080.00001907349  3.329802E-16
4081.20001912117  3.396683E-16
4082.40001916886  3.370036E-16
4083.60001921654  3.358601E-16
4084.80001926422  3.252527E-16
4086.00001931191  3.162772E-16
4087.20001935959  3.231545E-16
4088.40001940727  3.257004E-16
4089.60001945496  3.207521E-16
4090.80001950264  3.179996E-16
4092.00001955032  3.159516E-16
4093.20001959801  3.170136E-16
4094.40001964569  3.303427E-16
4095.60001969338  3.220512E-16
4096.80001974106  3.211466E-16
4098.00001978874  3.005870E-16
4099.20001983643  2.973901E-16
4100.40001988411  2.894181E-16
4101.6000199318  2.761576E-16
4102.80001997948  2.698136E-16
4104.00002002716  2.640487E-16
4105.20002007485  3.112718E-16
4106.40002012253  4.808315E-16
4107.60002017021  7.448544E-16
4108.8000202179  7.658814E-16
4110.00002026558  5.357239E-16
4111.20002031326  3.551218E-16
4112.40002036095  2.961415E-16
4113.60002040863  2.708325E-16
4114.80002045632  2.718293E-16
4116.000020504  2.862328E-16
4117.20002055168  2.833525E-16
4118.40002059937  2.834483E-16
4119.60002064705  3.047163E-16
4120.80002069474  3.078919E-16
4122.00002074242  2.984128E-16
4123.2000207901  3.112751E-16
4124.40002083778  3.250578E-16
4125.60002088547  3.074662E-16
4126.80002093315  3.182936E-16
4128.00002098084  3.080405E-16
4129.20002102852  3.117813E-16
4130.4000210762  3.263284E-16
4131.60002112389  3.280711E-16
4132.80002117157  3.207759E-16
4134.00002121926  3.123058E-16
4135.20002126694  3.082831E-16
4136.40002131462  3.009996E-16
4137.60002136231  3.023158E-16
4138.80002140999  3.093428E-16
4140.00002145767  3.195168E-16
4141.20002150536  3.244426E-16
4142.40002155304  3.196832E-16
4143.60002160073  3.249211E-16
4144.80002164841  3.310892E-16
4146.00002169609  3.218924E-16
4147.20002174378  3.162088E-16
4148.40002179146  3.190589E-16
4149.60002183914  3.064383E-16
4150.80002188683  3.116460E-16
4152.00002193451  3.191078E-16
4153.20002198219  3.313901E-16
4154.40002202988  3.253752E-16
4155.60002207756  3.176264E-16
4156.80002212525  3.234315E-16
4158.00002217293  3.301091E-16
4159.20002222061  3.316457E-16
4160.4000222683  3.264014E-16
4161.60002231598  3.249496E-16
4162.80002236366  3.143843E-16
4164.00002241135  3.247580E-16
4165.20002245903  3.299392E-16
4166.40002250672  3.265425E-16
4167.6000225544  3.251260E-16
4168.80002260208  3.301166E-16
4170.00002264977  3.226001E-16
4171.20002269745  3.191023E-16
4172.40002274513  3.313108E-16
4173.60002279282  3.225708E-16
4174.8000228405  3.331188E-16
4176.00002288819  3.376949E-16
4177.20002293587  3.140481E-16
4178.40002298355  3.209412E-16
4179.60002303124  3.254026E-16
4180.80002307892  3.077118E-16
4182.0000231266  3.235601E-16
4183.20002317429  3.314989E-16
4184.40002322197  3.101666E-16
4185.60002326966  3.078016E-16
4186.80002331734  3.267017E-16
4188.00002336502  3.178128E-16
4189.20002341271  3.115104E-16
4190.40002346039  3.222743E-16
4191.60002350807  3.341328E-16
4192.80002355576  3.210453E-16
4194.00002360344  3.267278E-16
4195.20002365112  3.190102E-16
4196.40002369881  3.153000E-16
4197.60002374649  3.267646E-16
4198.80002379418  3.389136E-16
4200.00002384186  3.266756E-16
4201.20002388954  3.329853E-16
4202.40002393723  3.226265E-16
4203.60002398491  3.180818E-16
4204.8000240326  3.186569E-16
4206.00002408028  3.188289E-16
4207.20002412796  3.222483E-16
4208.40002417565  3.270030E-16
4209.60002422333  3.214789E-16
4210.80002427101  3.137264E-16
4212.0000243187  3.214723E-16
4213.20002436638  3.240341E-16
4214.40002441406  3.271920E-16
4215.60002446175  3.326481E-16
4216.80002450943  3.413649E-16
4218.00002455712  3.322580E-16
4219.2000246048  3.295186E-16
4220.40002465248  3.321424E-16
4221.60002470017  3.306484E-16
4222.80002474785  3.249093E-16
4224.00002479553  3.209044E-16
4225.20002484322  3.309113E-16
4226.4000248909  3.256914E-16
4227.60002493859  3.276077E-16
4228.80002498627  3.415387E-16
4230.00002503395  3.265635E-16
4231.20002508164  3.116146E-16
4232.40002512932  3.170243E-16
4233.600025177  3.132751E-16
4234.80002522469  3.161711E-16
4236.00002527237  3.246660E-16
4237.20002532005  3.260822E-16
4238.40002536774  2.876699E-16
4239.60002541542  3.046017E-16
4240.80002546311  3.143306E-16
4242.00002551079  3.105946E-16
4243.20002555847  3.205155E-16
4244.40002560616  3.277205E-16
4245.60002565384  3.213673E-16
4246.80002570153  3.234077E-16
4248.00002574921  3.258479E-16
4249.20002579689  3.199086E-16
4250.40002584458  3.300651E-16
4251.60002589226  3.362200E-16
4252.80002593994  3.076726E-16
4254.00002598763  3.176131E-16
4255.20002603531  3.188037E-16
4256.40002608299  3.222085E-16
4257.60002613068  3.178540E-16
4258.80002617836  3.215245E-16
4260.00002622605  3.180746E-16
4261.20002627373  3.161273E-16
4262.40002632141  3.293457E-16
4263.6000263691  3.185094E-16
4264.80002641678  3.248706E-16
4266.00002646447  3.166798E-16
4267.20002651215  3.178373E-16
4268.40002655983  3.256410E-16
4269.60002660752  3.338411E-16
4270.8000266552  3.282643E-16
4272.00002670288  3.311418E-16
4273.20002675057  3.411012E-16
4274.40002679825  3.203943E-16
4275.60002684593  3.212306E-16
4276.80002689362  3.093983E-16
4278.0000269413  3.075031E-16
4279.20002698899  3.088194E-16
4280.40002703667  3.142613E-16
4281.60002708435  3.047222E-16
4282.80002713204  3.165985E-16
4284.00002717972  3.112057E-16
4285.20002722741  3.142157E-16
4286.40002727509  3.178190E-16
4287.60002732277  3.234495E-16
4288.80002737045  3.271617E-16
4290.00002741814  3.132357E-16
4291.20002746582  3.104489E-16
4292.40002751351  3.158117E-16
4293.60002756119  3.289454E-16
4294.80002760887  3.080550E-16
4296.00002765656  3.041264E-16
4297.20002770424  2.964244E-16
4298.40002775193  3.067334E-16
4299.60002779961  3.167847E-16
4300.80002784729  3.070116E-16
4302.00002789498  3.099295E-16
4303.20002794266  3.058937E-16
4304.40002799034  2.943399E-16
4305.60002803803  2.930627E-16
4306.80002808571  2.985591E-16
4308.0000281334  2.912461E-16
4309.20002818108  2.929878E-16
4310.40002822876  2.959521E-16
4311.60002827645  3.015997E-16
4312.80002832413  3.037038E-16
4314.00002837181  2.842181E-16
4315.2000284195  2.876452E-16
4316.40002846718  2.969432E-16
4317.60002851486  3.069321E-16
4318.80002856255  3.057824E-16
4320.00002861023  2.994061E-16
4321.20002865792  2.903512E-16
4322.4000287056  3.060574E-16
4323.60002875328  3.176264E-16
4324.80002880097  3.109570E-16
4326.00002884865  3.107189E-16
4327.20002889633  3.042898E-16
4328.40002894402  3.014313E-16
4329.6000289917  3.026710E-16
4330.80002903939  2.885483E-16
4332.00002908707  2.779840E-16
4333.20002913475  2.825459E-16
4334.40002918244  2.849550E-16
4335.60002923012  2.839826E-16
4336.8000292778  2.815991E-16
4338.00002932549  2.789479E-16
4339.20002937317  2.736076E-16
4340.40002942086  2.665171E-16
4341.60002946854  2.616055E-16
4342.80002951622  2.884205E-16
4344.00002956391  3.296165E-16
4345.20002961159  6.079659E-16
4346.40002965927  1.116733E-15
4347.60002970696  1.274526E-15
4348.80002975464  9.171491E-16
4350.00002980233  5.121727E-16
4351.20002985001  3.236090E-16
4352.40002989769  2.701124E-16
4353.60002994538  2.752458E-16
4354.80002999306  2.748282E-16
4356.00003004074  2.711608E-16
4357.20003008843  2.708484E-16
4358.40003013611  2.732939E-16
4359.60003018379  2.822854E-16
4360.80003023148  3.037492E-16
4362.00003027916  2.921415E-16
4363.20003032685  3.067125E-16
4364.40003037453  3.218961E-16
4365.60003042221  3.106978E-16
4366.8000304699  3.114913E-16
4368.00003051758  3.322069E-16
4369.20003056527  3.472601E-16
4370.40003061295  3.646416E-16
4371.60003066063  3.624981E-16
4372.80003070832  3.307533E-16
4374.000030756  3.123196E-16
4375.20003080368  2.999898E-16
4376.40003085137  2.887635E-16
4377.60003089905  3.112419E-16
4378.80003094673  3.032348E-16
4380.00003099442  2.982019E-16
4381.2000310421  2.872602E-16
4382.40003108979  2.994103E-16
4383.60003113747  3.030680E-16
4384.80003118515  3.033980E-16
4386.00003123284  2.939756E-16
4387.20003128052  3.045235E-16
4388.4000313282  2.988631E-16
4389.60003137589  2.810524E-16
4390.80003142357  2.898892E-16
4392.00003147126  2.805393E-16
4393.20003151894  3.004443E-16
4394.40003156662  2.990832E-16
4395.60003161431  3.080781E-16
4396.80003166199  3.128164E-16
4398.00003170967  2.993944E-16
4399.20003175736  2.983379E-16
4400.40003180504  2.939849E-16
4401.60003185272  3.078634E-16
4402.80003190041  3.045900E-16
4404.00003194809  3.213031E-16
4405.20003199578  2.972008E-16
4406.40003204346  3.027991E-16
4407.60003209114  3.067301E-16
4408.80003213883  2.973786E-16
4410.00003218651  2.892565E-16
4411.2000322342  2.940196E-16
4412.40003228188  2.934918E-16
4413.60003232956  3.108677E-16
4414.80003237724  3.132559E-16
4416.00003242493  3.062415E-16
4417.20003247261  3.084488E-16
4418.4000325203  3.098888E-16
4419.60003256798  3.055454E-16
4420.80003261567  2.939212E-16
4422.00003266335  2.966384E-16
4423.20003271103  3.030887E-16
4424.40003275872  2.978237E-16
4425.6000328064  3.084757E-16
4426.80003285408  3.058930E-16
4428.00003290177  3.022698E-16
4429.20003294945  3.056774E-16
4430.40003299713  3.042371E-16
4431.60003304482  3.073191E-16
4432.8000330925  3.004062E-16
4434.00003314019  3.078722E-16
4435.20003318787  3.031867E-16
4436.40003323555  3.037896E-16
4437.60003328324  2.927595E-16
4438.80003333092  2.999724E-16
4440.0000333786  2.994085E-16
4441.20003342629  2.986798E-16
4442.40003347397  3.053137E-16
4443.60003352166  3.089826E-16
4444.80003356934  3.090843E-16
4446.00003361702  3.083693E-16
4447.20003366471  3.012423E-16
4448.40003371239  3.021739E-16
4449.60003376007  2.972821E-16
4450.80003380776  2.895964E-16
4452.00003385544  3.001620E-16
4453.20003390312  3.000804E-16
4454.40003395081  3.043810E-16
4455.60003399849  3.065360E-16
4456.80003404618  3.082894E-16
4458.00003409386  3.053747E-16
4459.20003414154  3.011471E-16
4460.40003418923  2.944126E-16
4461.60003423691  2.997240E-16
4462.80003428459  3.027222E-16
4464.00003433228  2.951084E-16
4465.20003437996  2.937257E-16
4466.40003442765  2.980476E-16
4467.60003447533  2.929002E-16
4468.80003452301  3.024372E-16
4470.0000345707  3.024757E-16
4471.20003461838  3.022035E-16
4472.40003466606  2.979202E-16
4473.60003471375  2.982128E-16
4474.80003476143  2.931320E-16
4476.00003480912  3.002652E-16
4477.2000348568  3.464954E-16
4478.40003490448  3.827967E-16
4479.60003495217  3.800460E-16
4480.80003499985  3.439834E-16
4482.00003504753  3.204092E-16
4483.20003509522  3.056876E-16
4484.4000351429  3.093904E-16
4485.60003519058  3.053951E-16
4486.80003523827  2.968958E-16
4488.00003528595  2.899928E-16
4489.20003533364  2.868088E-16
4490.40003538132  3.009816E-16
4491.600035429  3.007570E-16
4492.80003547669  2.984353E-16
4494.00003552437  2.925985E-16
4495.20003557205  2.913879E-16
4496.40003561974  2.931438E-16
4497.60003566742  2.853322E-16
4498.80003571511  2.957065E-16
4500.00003576279  3.009272E-16
4501.20003581047  2.970638E-16
4502.40003585816  3.006044E-16
4503.60003590584  3.076476E-16
4504.80003595353  3.018027E-16
4506.00003600121  2.944866E-16
4507.20003604889  2.926883E-16
4508.40003609658  3.039051E-16
4509.60003614426  3.056746E-16
4510.80003619194  2.987098E-16
4512.00003623963  2.974923E-16
4513.20003628731  2.994328E-16
4514.40003633499  3.010728E-16
4515.60003638268  3.002453E-16
4516.80003643036  2.987084E-16
4518.00003647805  2.960569E-16
4519.20003652573  2.950229E-16
4520.40003657341  2.953611E-16
4521.6000366211  2.943532E-16
4522.80003666878  2.948683E-16
4524.00003671646  3.064876E-16
4525.20003676415  2.954616E-16
4526.40003681183  3.017111E-16
4527.60003685952  3.018568E-16
4528.8000369072  2.917689E-16
4530.00003695488  2.925878E-16
4531.20003700257  2.918681E-16
4532.40003705025  2.924032E-16
4533.60003709793  2.795985E-16
4534.80003714562  2.790803E-16
4536.0000371933  2.873445E-16
4537.20003724099  2.899098E-16
4538.40003728867  2.925365E-16
4539.60003733635  2.855805E-16
4540.80003738404  2.849390E-16
4542.00003743172  2.876411E-16
4543.2000374794  2.876568E-16
4544.40003752709  2.994369E-16
4545.60003757477  3.057806E-16
4546.80003762246  2.990113E-16
4548.00003767014  2.889277E-16
4549.20003771782  2.945148E-16
4550.40003776551  2.945034E-16
4551.60003781319  3.000021E-16
4552.80003786087  3.006353E-16
4554.00003790856  2.928367E-16
4555.20003795624  2.892921E-16
4556.40003800392  2.833580E-16
4557.60003805161  2.888526E-16
4558.80003809929  2.872866E-16
4560.00003814698  2.858632E-16
4561.20003819466  2.854542E-16
4562.40003824234  2.884180E-16
4563.60003829003  2.924370E-16
4564.80003833771  2.909052E-16
4566.00003838539  3.004128E-16
4567.20003843308  2.970149E-16
4568.40003848076  3.024436E-16
4569.60003852845  2.979989E-16
4570.80003857613  2.939468E-16
4572.00003862381  2.942845E-16
4573.2000386715  3.079712E-16
4574.40003871918  3.014196E-16
4575.60003876686  2.987659E-16
4576.80003881455  3.047883E-16
4578.00003886223  3.061781E-16
4579.20003890991  3.048847E-16
4580.4000389576  3.026650E-16
4581.60003900528  2.987619E-16
4582.80003905297  3.011027E-16
4584.00003910065  2.911199E-16
4585.20003914834  2.953276E-16
4586.40003919602  3.065669E-16
4587.6000392437  2.968930E-16
4588.80003929139  2.854091E-16
4590.00003933907  2.825090E-16
4591.20003938675  2.844443E-16
4592.40003943444  2.876782E-16
4593.60003948212  2.911749E-16
4594.8000395298  2.928722E-16
4596.00003957749  2.898654E-16
4597.20003962517  2.854112E-16
4598.40003967286  2.839326E-16
4599.60003972054  2.909288E-16
4600.80003976822  2.865405E-16
4602.00003981591  2.951008E-16
4603.20003986359  2.905780E-16
4604.40003991127  2.895090E-16
4605.60003995896  2.954846E-16
4606.80004000664  2.931347E-16
4608.00004005433  2.897591E-16
4609.20004010201  2.918157E-16
4610.40004014969  2.913276E-16
4611.60004019738  2.948349E-16
4612.80004024506  3.006840E-16
4614.00004029274  2.990296E-16
4615.20004034043  2.976610E-16
4616.40004038811  2.996295E-16
4617.60004043579  3.025837E-16
4618.80004048348  2.968047E-16
4620.00004053116  2.897445E-16
4621.20004057885  2.944118E-16
4622.40004062653  2.959738E-16
4623.60004067421  2.927696E-16
4624.8000407219  2.844089E-16
4626.00004076958  2.912030E-16
4627.20004081726  2.878762E-16
4628.40004086495  2.962122E-16
4629.60004091263  2.991595E-16
4630.80004096032  2.960554E-16
4632.000041008  2.946707E-16
4633.20004105568  2.918623E-16
4634.40004110337  2.958827E-16
4635.60004115105  2.914346E-16
4636.80004119873  2.889525E-16
4638.00004124642  2.935398E-16
4639.2000412941  2.944380E-16
4640.40004134178  2.880445E-16
4641.60004138947  2.853666E-16
4642.80004143715  2.877716E-16
4644.00004148484  2.836379E-16
4645.20004153252  2.850319E-16
4646.4000415802  2.857646E-16
4647.60004162789  2.946162E-16
4648.80004167557  2.982590E-16
4650.00004172325  2.962006E-16
4651.20004177094  2.888177E-16
4652.40004181862  2.843158E-16
4653.60004186631  2.855413E-16
4654.80004191399  2.807423E-16
4656.00004196167  2.798782E-16
4657.20004200936  2.917037E-16
4658.40004205704  2.922951E-16
4659.60004210472  2.925311E-16
4660.80004215241  2.867060E-16
4662.00004220009  2.842957E-16
4663.20004224778  2.901251E-16
4664.40004229546  3.044648E-16
4665.60004234314  3.061887E-16
4666.80004239083  3.038269E-16
4668.00004243851  2.965033E-16
4669.20004248619  2.850823E-16
4670.40004253388  2.929381E-16
4671.60004258156  2.883756E-16
4672.80004262924  2.928205E-16
4674.00004267693  2.910459E-16
4675.20004272461  2.804814E-16
4676.4000427723  2.853943E-16
4677.60004281998  2.943308E-16
4678.80004286766  2.871523E-16
4680.00004291535  2.930018E-16
4681.20004296303  2.925531E-16
4682.40004301071  2.866601E-16
4683.6000430584  2.900378E-16
4684.80004310608  3.009066E-16
4686.00004315377  3.013510E-16
4687.20004320145  2.974564E-16
4688.40004324913  2.914609E-16
4689.60004329682  2.916740E-16
4690.8000433445  2.908759E-16
4692.00004339218  3.006144E-16
4693.20004343987  3.038297E-16
4694.40004348755  2.976560E-16
4695.60004353524  2.984178E-16
4696.80004358292  2.925944E-16
4698.0000436306  2.921121E-16
4699.20004367829  2.951587E-16
4700.40004372597  2.942795E-16
4701.60004377365  2.922414E-16
4702.80004382134  2.929254E-16
4704.00004386902  2.939610E-16
4705.20004391671  2.926772E-16
4706.40004396439  2.943243E-16
4707.60004401207  2.936529E-16
4708.80004405976  2.884168E-16
4710.00004410744  2.852635E-16
4711.20004415513  2.860621E-16
4712.40004420281  2.908313E-16
4713.60004425049  2.860087E-16
4714.80004429818  2.767604E-16
4716.00004434586  2.780114E-16
4717.20004439354  2.868734E-16
4718.40004444123  2.923338E-16
4719.60004448891  2.930948E-16
4720.80004453659  2.956155E-16
4722.00004458428  2.964585E-16
4723.20004463196  2.914756E-16
4724.40004467965  2.872957E-16
4725.60004472733  2.860301E-16
4726.80004477501  2.902571E-16
4728.0000448227  3.018564E-16
4729.20004487038  2.939489E-16
4730.40004491806  2.914341E-16
4731.60004496575  2.881321E-16
4732.80004501343  2.847634E-16
4734.00004506111  2.865809E-16
4735.2000451088  2.820107E-16
4736.40004515648  2.752789E-16
4737.60004520417  2.824562E-16
4738.80004525185  2.877829E-16
4740.00004529953  2.924873E-16
4741.20004534722  2.923681E-16
4742.4000453949  2.829244E-16
4743.60004544258  2.847060E-16
4744.80004549027  2.860667E-16
4746.00004553795  2.787716E-16
4747.20004558564  2.837919E-16
4748.40004563332  2.903049E-16
4749.600045681  2.810371E-16
4750.80004572869  2.844859E-16
4752.00004577637  2.888316E-16
4753.20004582405  2.870393E-16
4754.40004587174  2.835328E-16
4755.60004591942  2.815841E-16
4756.80004596711  2.836668E-16
4758.00004601479  2.865535E-16
4759.20004606247  2.862667E-16
4760.40004611016  2.863454E-16
4761.60004615784  2.823049E-16
4762.80004620552  2.814730E-16
4764.00004625321  2.864200E-16
4765.20004630089  2.858537E-16
4766.40004634858  2.846635E-16
4767.60004639626  2.796196E-16
4768.80004644394  2.757100E-16
4770.00004649163  2.785397E-16
4771.20004653931  2.817426E-16
4772.400046587  2.821375E-16
4773.60004663468  2.816105E-16
4774.80004668236  2.821294E-16
4776.00004673005  2.829745E-16
4777.20004677773  2.897394E-16
4778.40004682541  2.859387E-16
4779.6000468731  2.861654E-16
4780.80004692078  2.906946E-16
4782.00004696847  2.846774E-16
4783.20004701615  2.812317E-16
4784.40004706383  2.839331E-16
4785.60004711152  2.826306E-16
4786.8000471592  2.877824E-16
4788.00004720688  2.784005E-16
4789.20004725457  2.827934E-16
4790.40004730225  2.786395E-16
4791.60004734993  2.740394E-16
4792.80004739762  2.756887E-16
4794.0000474453  2.704877E-16
4795.20004749299  2.791795E-16
4796.40004754067  2.862071E-16
4797.60004758835  2.907761E-16
4798.80004763604  2.847568E-16
4800.00004768372  2.854472E-16
4801.2000477314  2.786274E-16
4802.40004777909  2.778462E-16
4803.60004782677  2.797212E-16
4804.80004787446  2.761459E-16
4806.00004792214  2.814848E-16
4807.20004796982  2.804446E-16
4808.40004801751  2.842905E-16
4809.60004806519  2.809871E-16
4810.80004811287  2.933825E-16
4812.00004816056  2.877696E-16
4813.20004820824  2.750952E-16
4814.40004825592  2.786891E-16
4815.60004830361  2.768010E-16
4816.80004835129  2.780197E-16
4818.00004839898  2.827845E-16
4819.20004844666  2.839971E-16
4820.40004849434  2.835700E-16
4821.60004854203  2.844692E-16
4822.80004858971  2.837738E-16
4824.00004863739  2.798810E-16
4825.20004868508  2.923516E-16
4826.40004873276  2.814959E-16
4827.60004878045  2.761385E-16
4828.80004882813  2.939342E-16
4830.00004887581  2.792605E-16
4831.2000489235  2.782613E-16
4832.40004897118  2.819513E-16
4833.60004901886  2.793710E-16
4834.80004906655  2.764822E-16
4836.00004911423  2.957044E-16
4837.20004916192  2.754670E-16
4838.4000492096  2.844642E-16
4839.60004925728  2.829180E-16
4840.80004930497  2.848489E-16
4842.00004935265  2.846611E-16
4843.20004940033  2.820625E-16
4844.40004944802  2.847670E-16
4845.6000494957  2.775040E-16
4846.80004954339  2.721761E-16
4848.00004959107  2.742026E-16
4849.20004963875  2.768308E-16
4850.40004968644  2.698920E-16
4851.60004973412  2.782964E-16
4852.8000497818  2.745767E-16
4854.00004982949  2.709762E-16
4855.20004987717  2.624736E-16
4856.40004992485  2.615371E-16
4857.60004997254  2.708190E-16
4858.80005002022  2.627217E-16
4860.00005006791  2.538539E-16
4861.20005011559  2.500282E-16
4862.40005016327  2.430220E-16
4863.60005021096  2.577150E-16
4864.80005025864  3.139912E-16
4866.00005030632  6.002078E-16
4867.20005035401  1.476656E-15
4868.40005040169  2.557059E-15
4869.60005044938  2.472909E-15
4870.80005049706  1.449925E-15
4872.00005054474  6.511097E-16
4873.20005059243  3.459846E-16
4874.40005064011  2.746216E-16
4875.6000506878  2.559115E-16
4876.80005073548  2.547312E-16
4878.00005078316  2.558935E-16
4879.20005083085  2.531506E-16
4880.40005087853  2.628710E-16
4881.60005092621  2.608505E-16
4882.8000509739  2.588728E-16
4884.00005102158  2.671165E-16
4885.20005106926  2.709335E-16
4886.40005111695  2.700508E-16
4887.60005116463  2.762014E-16
4888.80005121232  2.792439E-16
4890.00005126  2.731246E-16
4891.20005130768  2.724012E-16
4892.40005135537  2.679777E-16
4893.60005140305  2.630127E-16
4894.80005145073  2.667844E-16
4896.00005149842  2.671042E-16
4897.2000515461  2.661254E-16
4898.40005159378  2.674662E-16
4899.60005164147  2.648534E-16
4900.80005168915  2.712277E-16
4902.00005173684  2.845495E-16
4903.20005178452  2.833901E-16
4904.4000518322  2.855138E-16
4905.60005187989  2.892385E-16
4906.80005192757  2.795904E-16
4908.00005197526  2.779839E-16
4909.20005202294  2.766917E-16
4910.40005207062  2.708881E-16
4911.60005211831  2.724711E-16
4912.80005216599  2.774482E-16
4914.00005221367  2.785679E-16
4915.20005226136  2.731292E-16
4916.40005230904  2.717474E-16
4917.60005235672  2.763446E-16
4918.80005240441  2.749463E-16
4920.00005245209  2.784170E-16
4921.20005249978  2.782551E-16
4922.40005254746  2.795645E-16
4923.60005259514  2.825816E-16
4924.80005264283  2.801014E-16
4926.00005269051  2.692600E-16
4927.20005273819  2.658020E-16
4928.40005278588  2.786760E-16
4929.60005283356  2.809057E-16
4930.80005288125  2.727442E-16
4932.00005292893  2.727672E-16
4933.20005297661  2.725218E-16
4934.4000530243  2.727812E-16
4935.60005307198  2.740051E-16
4936.80005311966  2.750655E-16
4938.00005316735  2.835339E-16
4939.20005321503  2.801474E-16
4940.40005326272  2.753092E-16
4941.6000533104  2.691771E-16
4942.80005335808  2.671351E-16
4944.00005340577  2.703842E-16
4945.20005345345  2.714304E-16
4946.40005350113  2.713826E-16
4947.60005354882  2.695980E-16
4948.8000535965  2.766508E-16
4950.00005364418  2.828617E-16
4951.20005369187  2.873148E-16
4952.40005373955  2.763072E-16
4953.60005378724  2.789629E-16
4954.80005383492  2.788285E-16
4956.0000538826  2.816501E-16
4957.20005393029  2.789602E-16
4958.40005397797  2.808246E-16
4959.60005402566  2.876314E-16
4960.80005407334  2.865667E-16
4962.00005412102  3.137657E-16
4963.20005416871  4.056809E-16
4964.40005421639  8.040205E-16
4965.60005426407  1.786418E-15
4966.80005431176  2.375652E-15
4968.00005435944  1.749784E-15
4969.20005440712  8.611896E-16
4970.40005445481  4.504528E-16
4971.60005450249  3.354626E-16
4972.80005455018  3.048177E-16
4974.00005459786  2.856326E-16
4975.20005464554  2.854355E-16
4976.40005469323  2.753122E-16
4977.60005474091  2.797738E-16
4978.80005478859  2.797350E-16
4980.00005483628  2.800000E-16
4981.20005488396  2.800000E-16
4982.40005493164  2.800000E-16
4983.60005497933  2.800000E-16
4984.80005502701  2.800000E-16
4986.0000550747  2.800000E-16
4987.20005512238  2.800000E-16
4988.40005517006  2.776468E-16
4989.60005521775  2.698648E-16
4990.80005526543  2.717033E-16
4992.00005531312  2.834141E-16
4993.2000553608  2.962577E-16
4994.40005540848  3.065541E-16
4995.60005545617  2.950440E-16
4996.80005550385  2.873519E-16
4998.00005555153  2.814825E-16
4999.20005559922  2.768905E-16
5000.4000556469  2.815974E-16
5001.60005569459  2.805049E-16
5002.80005574227  2.795559E-16
5004.00005578995  2.876701E-16
5005.20005583764  2.880068E-16
5006.40005588532  2.897790E-16
5007.600055933  2.953699E-16
5008.80005598069  3.128550E-16
5010.00005602837  4.016412E-16
5011.20005607606  7.772790E-16
5012.40005612374  2.139053E-15
5013.60005617142  4.712983E-15
5014.80005621911  6.053635E-15
5016.00005626679  4.500448E-15
5017.20005631447  2.084655E-15
5018.40005636216  7.816190E-16
5019.60005640984  4.021120E-16
5020.80005645752  3.212392E-16
5022.00005650521  3.203014E-16
5023.20005655289  3.322588E-16
5024.40005660058  3.276503E-16
5025.60005664826  2.998564E-16
5026.80005669594  2.848971E-16
5028.00005674363  2.841153E-16
5029.20005679131  2.797867E-16
5030.400056839  2.797506E-16
5031.60005688668  2.799404E-16
5032.80005693436  2.698324E-16
5034.00005698205  2.656004E-16
5035.20005702973  2.711783E-16
5036.40005707741  2.728853E-16
5037.6000571251  2.832624E-16
5038.80005717278  2.860975E-16
5040.00005722047  2.817190E-16
5041.20005726815  2.817083E-16
5042.40005731583  2.733951E-16
5043.60005736352  2.696535E-16
5044.8000574112  2.641083E-16
5046.00005745888  2.625017E-16
5047.20005750657  2.561044E-16
5048.40005755425  2.558101E-16
5049.60005760193  2.624864E-16
5050.80005764962  2.626304E-16
5052.0000576973  2.649319E-16
5053.20005774499  2.671361E-16
5054.40005779267  2.723516E-16
5055.60005784035  2.653023E-16
5056.80005788804  2.635595E-16
5058.00005793572  2.634103E-16
5059.2000579834  2.653329E-16
5060.40005803109  2.644270E-16
5061.60005807877  2.735792E-16
5062.80005812646  2.757389E-16
5064.00005817414  2.721828E-16
5065.20005822182  2.685968E-16
5066.40005826951  2.831292E-16
5067.60005831719  2.686267E-16
5068.80005836487  2.774452E-16
5070.00005841256  2.742853E-16
5071.20005846024  2.696421E-16
5072.40005850793  2.703976E-16
5073.60005855561  2.624680E-16
5074.80005860329  2.618057E-16
5076.00005865098  2.646404E-16
5077.20005869866  2.690145E-16
5078.40005874634  2.770314E-16
5079.60005879403  2.748349E-16
5080.80005884171  2.754590E-16
5082.00005888939  2.696208E-16
5083.20005893708  2.687693E-16
5084.40005898476  2.665823E-16
5085.60005903245  2.644274E-16
5086.80005908013  2.522426E-16
5088.00005912781  2.555957E-16
5089.2000591755  2.627791E-16
5090.40005922318  2.579103E-16
5091.60005927086  2.557314E-16
5092.80005931855  2.674179E-16
5094.00005936623  2.649544E-16
5095.20005941392  2.684932E-16
5096.4000594616  2.639186E-16
5097.60005950928  2.676536E-16
5098.80005955697  2.661897E-16
5100.00005960465  2.634801E-16
5101.20005965234  2.678870E-16
5102.40005970002  2.657747E-16
5103.6000597477  2.576031E-16
5104.80005979539  2.554561E-16
5106.00005984307  2.568701E-16
5107.20005989075  2.608111E-16
5108.40005993844  2.586952E-16
5109.60005998612  2.623705E-16
5110.80006003381  2.680008E-16
5112.00006008149  2.606523E-16
5113.20006012917  2.561001E-16
5114.40006017686  2.544489E-16
5115.60006022454  2.480387E-16
5116.80006027222  2.507189E-16
5118.00006031991  2.568994E-16
5119.20006036759  2.590629E-16
5120.40006041527  2.648802E-16
5121.60006046296  2.623854E-16
5122.80006051064  2.612785E-16
5124.00006055833  2.647469E-16
5125.20006060601  2.680951E-16
5126.40006065369  2.675084E-16
5127.60006070138  2.691575E-16
5128.80006074906  2.646637E-16
5130.00006079674  2.592542E-16
5131.20006084443  2.577393E-16
5132.40006089211  2.541671E-16
5133.60006093979  2.536691E-16
5134.80006098748  2.539840E-16
5136.00006103516  2.475960E-16
5137.20006108285  2.545018E-16
5138.40006113053  2.569387E-16
5139.60006117821  2.568767E-16
5140.8000612259  2.531754E-16
5142.00006127358  2.554268E-16
5143.20006132127  2.589005E-16
5144.40006136895  2.555206E-16
5145.60006141663  2.529347E-16
5146.80006146432  2.500100E-16
5148.000061512  2.476506E-16
5149.20006155968  2.504546E-16
5150.40006160737  2.468991E-16
5151.60006165505  2.528966E-16
5152.80006170273  2.511155E-16
5154.00006175042  2.519457E-16
5155.2000617981  2.549206E-16
5156.40006184579  2.570136E-16
5157.60006189347  2.563901E-16
5158.80006194115  2.513283E-16
5160.00006198884  2.532571E-16
5161.20006203652  2.543945E-16
5162.40006208421  2.536805E-16
5163.60006213189  2.545546E-16
5164.80006217957  2.589040E-16
5166.00006222726  2.607302E-16
5167.20006227494  2.643058E-16
5168.40006232262  2.630733E-16
5169.60006237031  2.651080E-16
5170.80006241799  2.603177E-16
5172.00006246567  2.454435E-16
5173.20006251336  2.418784E-16
5174.40006256104  2.391487E-16
5175.60006260873  2.377375E-16
5176.80006265641  2.345680E-16
5178.00006270409  2.441966E-16
5179.20006275178  2.318362E-16
5180.40006279946  2.311336E-16
5181.60006284714  2.385595E-16
5182.80006289483  2.491814E-16
5184.00006294251  2.565632E-16
5185.20006299019  2.595728E-16
5186.40006303788  2.570482E-16
5187.60006308556  2.546628E-16
5188.80006313325  2.510674E-16
5190.00006318093  2.431348E-16
5191.20006322861  2.326728E-16
5192.4000632763  2.397498E-16
5193.60006332398  2.499677E-16
5194.80006337166  2.516841E-16
5196.00006341935  2.521786E-16
5197.20006346703  2.505425E-16
5198.40006351472  2.512015E-16
5199.6000635624  2.489745E-16
5200.80006361008  2.493020E-16
5202.00006365777  2.444735E-16
5203.20006370545  2.469147E-16
5204.40006375313  2.578433E-16
5205.60006380082  2.703885E-16
5206.8000638485  2.747099E-16
5208.00006389618  2.771721E-16
5209.20006394387  2.706043E-16
5210.40006399155  2.502857E-16
5211.60006403924  2.439112E-16
5212.80006408692  2.432175E-16
5214.0000641346  2.401816E-16
5215.20006418229  2.373010E-16
5216.40006422997  2.362265E-16
5217.60006427765  2.463757E-16
5218.80006432534  2.506356E-16
5220.00006437302  2.582381E-16
5221.20006442071  2.556347E-16
5222.40006446839  2.548199E-16
5223.60006451607  2.570740E-16
5224.80006456376  2.443596E-16
5226.00006461144  2.514602E-16
5227.20006465912  2.506795E-16
5228.40006470681  2.514065E-16
5229.60006475449  2.582281E-16
5230.80006480218  2.502770E-16
5232.00006484986  2.457258E-16
5233.20006489754  2.415128E-16
5234.40006494523  2.277957E-16
5235.60006499291  2.362654E-16
5236.8000650406  2.401677E-16
5238.00006508828  2.526262E-16
5239.20006513596  2.526563E-16
5240.40006518365  2.506140E-16
5241.60006523133  2.473792E-16
5242.80006527901  2.445174E-16
5244.0000653267  2.478533E-16
5245.20006537438  2.465437E-16
5246.40006542206  2.536823E-16
5247.60006546975  2.483262E-16
5248.80006551743  2.544049E-16
5250.00006556512  2.538655E-16
5251.2000656128  2.550690E-16
5252.40006566048  2.503461E-16
5253.60006570817  2.521248E-16
5254.80006575585  2.478984E-16
5256.00006580353  2.450770E-16
5257.20006585122  2.377389E-16
5258.4000658989  2.396433E-16
5259.60006594658  2.486025E-16
5260.80006599427  2.455183E-16
5262.00006604195  2.422320E-16
5263.20006608964  2.455938E-16
5264.40006613732  2.504378E-16
5265.600066185  2.534123E-16
5266.80006623269  2.549959E-16
5268.00006628037  2.536786E-16
5269.20006632806  2.497323E-16
5270.40006637574  2.456912E-16
5271.60006642342  2.389380E-16
5272.80006647111  2.363627E-16
5274.00006651879  2.383168E-16
5275.20006656647  2.345837E-16
5276.40006661416  2.345251E-16
5277.60006666184  2.375411E-16
5278.80006670952  2.448253E-16
5280.00006675721  2.466873E-16
5281.20006680489  2.421798E-16
5282.40006685258  2.417221E-16
5283.60006690026  2.417389E-16
5284.80006694794  2.498399E-16
5286.00006699563  2.461193E-16
5287.20006704331  2.444943E-16
5288.400067091  2.487173E-16
5289.60006713868  2.397162E-16
5290.80006718636  2.381321E-16
5292.00006723405  2.443310E-16
5293.20006728173  2.495766E-16
5294.40006732941  2.559093E-16
5295.6000673771  2.534016E-16
5296.80006742478  2.450485E-16
5298.00006747247  2.489799E-16
5299.20006752015  2.509931E-16
5300.40006756783  2.458699E-16
5301.60006761552  2.472094E-16
5302.8000676632  2.432692E-16
5304.00006771088  2.409197E-16
5305.20006775857  2.427002E-16
5306.40006780625  2.433238E-16
5307.60006785394  2.460587E-16
5308.80006790162  2.417100E-16
5310.0000679493  2.524465E-16
5311.20006799699  2.419064E-16
5312.40006804467  2.494989E-16
5313.60006809235  2.521027E-16
5314.80006814004  2.513964E-16
5316.00006818772  2.545466E-16
5317.2000682354  2.507024E-16
5318.40006828309  2.488337E-16
5319.60006833077  2.468326E-16
5320.80006837846  2.548132E-16
5322.00006842614  2.449352E-16
5323.20006847382  2.519661E-16
5324.40006852151  2.450444E-16
5325.60006856919  2.527338E-16
5326.80006861688  2.504001E-16
5328.00006866456  2.441434E-16
5329.20006871224  2.469342E-16
5330.40006875993  2.438951E-16
5331.60006880761  2.448143E-16
5332.80006885529  2.437915E-16
5334.00006890298  2.437662E-16
5335.20006895066  2.346967E-16
5336.40006899834  2.350459E-16
5337.60006904603  2.367310E-16
5338.80006909371  2.434632E-16
5340.0000691414  2.460048E-16
5341.20006918908  2.447328E-16
5342.40006923676  2.491663E-16
5343.60006928445  2.484345E-16
5344.80006933213  2.459448E-16
5346.00006937981  2.461200E-16
5347.2000694275  2.459306E-16
5348.40006947518  2.436899E-16
5349.60006952286  2.428412E-16
5350.80006957055  2.479660E-16
5352.00006961823  2.420049E-16
5353.20006966592  2.393138E-16
5354.4000697136  2.414902E-16
5355.60006976128  2.424871E-16
5356.80006980897  2.450635E-16
5358.00006985665  2.437222E-16
5359.20006990433  2.459363E-16
5360.40006995202  2.423069E-16
5361.6000699997  2.480599E-16
5362.80007004739  2.506902E-16
5364.00007009507  2.528744E-16
5365.20007014275  2.540935E-16
5366.40007019044  2.534514E-16
5367.60007023812  2.550180E-16
5368.8000702858  2.471606E-16
5370.00007033349  2.469911E-16
5371.20007038117  2.378187E-16
5372.40007042885  2.414845E-16
5373.60007047654  2.443869E-16
5374.80007052422  2.386697E-16
5376.00007057191  2.482840E-16
5377.20007061959  2.432554E-16
5378.40007066727  2.328921E-16
5379.60007071496  2.390243E-16
5380.80007076264  2.382433E-16
5382.00007081033  2.476702E-16
5383.20007085801  2.463704E-16
5384.40007090569  2.460361E-16
5385.60007095338  2.468447E-16
5386.80007100106  2.563794E-16
5388.00007104874  2.583077E-16
5389.20007109643  2.516086E-16
5390.40007114411  2.408786E-16
5391.60007119179  2.398742E-16
5392.80007123948  2.463550E-16
5394.00007128716  2.449356E-16
5395.20007133485  2.485633E-16
5396.40007138253  2.428244E-16
5397.60007143021  2.422446E-16
5398.8000714779  2.439490E-16
5400.00007152558  2.446445E-16
5401.20007157327  2.425764E-16
5402.40007162095  2.406322E-16
5403.60007166863  2.404191E-16
5404.80007171632  2.399316E-16
5406.000071764  2.375372E-16
5407.20007181168  2.438684E-16
5408.40007185937  2.435382E-16
5409.60007190705  2.437208E-16
5410.80007195473  2.391832E-16
5412.00007200242  2.345877E-16
5413.2000720501  2.318087E-16
5414.40007209779  2.310957E-16
5415.60007214547  2.348838E-16
5416.80007219315  2.383035E-16
5418.00007224084  2.368262E-16
5419.20007228852  2.382480E-16
5420.4000723362  2.363736E-16
5421.60007238389  2.432142E-16
5422.80007243157  2.443466E-16
5424.00007247926  2.492413E-16
5425.20007252694  2.429594E-16
5426.40007257462  2.430575E-16
5427.60007262231  2.411183E-16
5428.80007266999  2.418408E-16
5430.00007271767  2.425000E-16
5431.20007276536  2.413710E-16
5432.40007281304  2.406209E-16
5433.60007286073  2.399172E-16
5434.80007290841  2.428418E-16
5436.00007295609  2.408879E-16
5437.20007300378  2.458928E-16
5438.40007305146  2.450117E-16
5439.60007309914  2.359055E-16
5440.80007314683  2.397546E-16
5442.00007319451  2.317708E-16
5443.20007324219  2.404009E-16
5444.40007328988  2.370675E-16
5445.60007333756  2.502102E-16
5446.80007338525  2.469586E-16
5448.00007343293  2.426854E-16
5449.20007348061  2.496699E-16
5450.4000735283  2.452498E-16
5451.60007357598  2.420455E-16
5452.80007362367  2.366415E-16
5454.00007367135  2.381080E-16
5455.20007371903  2.418405E-16
5456.40007376672  2.375469E-16
5457.6000738144  2.399418E-16
5458.80007386208  2.356292E-16
5460.00007390977  2.428054E-16
5461.20007395745  2.495677E-16
5462.40007400513  2.406913E-16
5463.60007405282  2.393152E-16
5464.8000741005  2.390208E-16
5466.00007414819  2.444731E-16
5467.20007419587  2.453940E-16
5468.40007424355  2.417460E-16
5469.60007429124  2.426336E-16
5470.80007433892  2.421902E-16
5472.0000743866  2.410375E-16
5473.20007443429  2.391471E-16
5474.40007448197  2.394474E-16
5475.60007452965  2.433808E-16
5476.80007457734  2.384615E-16
5478.00007462502  2.373932E-16
5479.20007467271  2.348943E-16
5480.40007472039  2.328213E-16
5481.60007476807  2.354262E-16
5482.80007481576  2.336561E-16
5484.00007486344  2.343856E-16
5485.20007491112  2.322388E-16
5486.40007495881  2.319208E-16
5487.60007500649  2.385619E-16
5488.80007505418  2.361031E-16
5490.00007510186  2.391418E-16
5491.20007514954  2.381570E-16
5492.40007519723  2.358178E-16
5493.60007524491  2.400450E-16
5494.80007529259  2.376212E-16
5496.00007534028  2.393283E-16
5497.20007538796  2.381533E-16
5498.40007543565  2.379128E-16
5499.60007548333  2.367902E-16
5500.80007553101  2.332254E-16
5502.0000755787  2.429031E-16
5503.20007562638  2.411908E-16
5504.40007567407  2.413166E-16
5505.60007572175  2.404936E-16
5506.80007576943  2.394804E-16
5508.00007581712  2.424883E-16
5509.2000758648  2.476401E-16
5510.40007591248  2.329617E-16
5511.60007596017  2.394564E-16
5512.80007600785  2.391129E-16
5514.00007605553  2.320817E-16
5515.20007610322  2.326729E-16
5516.4000761509  2.385849E-16
5517.60007619859  2.396393E-16
5518.80007624627  2.441458E-16
5520.00007629395  2.392756E-16
5521.20007634164  2.334425E-16
5522.40007638932  2.395896E-16
5523.600076437  2.420813E-16
5524.80007648469  2.470447E-16
5526.00007653237  2.519317E-16
5527.20007658006  2.440480E-16
5528.40007662774  2.428793E-16
5529.60007667542  2.406948E-16
5530.80007672311  2.412801E-16
5532.00007677079  2.394914E-16
5533.20007681847  2.343724E-16
5534.40007686616  2.367791E-16
5535.60007691384  2.363851E-16
5536.80007696152  2.267148E-16
5538.00007700921  2.356024E-16
5539.20007705689  2.409061E-16
5540.40007710458  2.419956E-16
5541.60007715226  2.407079E-16
5542.80007719994  2.304203E-16
5544.00007724763  2.346381E-16
5545.20007729531  2.370915E-16
5546.40007734299  2.381320E-16
5547.60007739068  2.458030E-16
5548.80007743836  2.406171E-16
5550.00007748605  2.383533E-16
5551.20007753373  2.428588E-16
5552.40007758141  2.420275E-16
5553.6000776291  2.411134E-16
5554.80007767678  2.400664E-16
5556.00007772446  2.365623E-16
5557.20007777215  2.444282E-16
5558.40007781983  2.383008E-16
5559.60007786752  2.438463E-16
5560.8000779152  2.413031E-16
5562.00007796288  2.328925E-16
5563.20007801057  2.427429E-16
5564.40007805825  2.349860E-16
5565.60007810593  2.385865E-16
5566.80007815362  2.376950E-16
5568.0000782013  2.398175E-16
5569.20007824898  2.395808E-16
5570.40007829667  2.418714E-16
5571.60007834435  2.276302E-16
5572.80007839204  2.400000E-16
5574.00007843972  2.400000E-16
5575.2000784874  2.400000E-16
5576.40007853509  2.400000E-16
5577.60007858277  2.400000E-16
5578.80007863046  2.400000E-16
5580.00007867814  2.400000E-16
5581.20007872582  2.400000E-16
5582.40007877351  2.400000E-16
5583.60007882119  2.400000E-16
5584.80007886887  2.400000E-16
5586.00007891656  2.400000E-16
5587.20007896424  2.400000E-16
5588.40007901192  2.412522E-16
5589.60007905961  2.356099E-16
5590.80007910729  2.365611E-16
5592.00007915498  2.381598E-16
5593.20007920266  2.362457E-16
5594.40007925034  2.298951E-16
5595.60007929803  2.291776E-16
5596.80007934571  2.277220E-16
5598.00007939339  2.286703E-16
5599.20007944108  2.309613E-16
5600.40007948876  2.337975E-16
5601.60007953644  2.317510E-16
5602.80007958413  2.272244E-16
5604.00007963181  2.258163E-16
5605.2000796795  2.270027E-16
5606.40007972718  2.303624E-16
5607.60007977486  2.282891E-16
5608.80007982255  2.262079E-16
5610.00007987023  2.252499E-16
5611.20007991791  2.244824E-16
5612.4000799656  2.286552E-16
5613.60008001328  2.346902E-16
5614.80008006097  2.419789E-16
5616.00008010865  2.393156E-16
5617.20008015633  2.383253E-16
5618.40008020402  2.411197E-16
5619.6000802517  2.341778E-16
5620.80008029938  2.326632E-16
5622.00008034707  2.327070E-16
5623.20008039475  2.259169E-16
5624.40008044244  2.333904E-16
5625.60008049012  2.353803E-16
5626.8000805378  2.318333E-16
5628.00008058549  2.274395E-16
5629.20008063317  2.355080E-16
5630.40008068085  2.336806E-16
5631.60008072854  2.355778E-16
5632.80008077622  2.294648E-16
5634.00008082391  2.322685E-16
5635.20008087159  2.349129E-16
5636.40008091927  2.333761E-16
5637.60008096696  2.319953E-16
5638.80008101464  2.355908E-16
5640.00008106232  2.377439E-16
5641.20008111001  2.393102E-16
5642.40008115769  2.319962E-16
5643.60008120538  2.425343E-16
5644.80008125306  2.216286E-16
5646.00008130074  2.295928E-16
5647.20008134843  2.279384E-16
5648.40008139611  2.258810E-16
5649.60008144379  2.285345E-16
5650.80008149148  2.281959E-16
5652.00008153916  2.311896E-16
5653.20008158685  2.328207E-16
5654.40008163453  2.259436E-16
5655.60008168221  2.278190E-16
5656.8000817299  2.274808E-16
5658.00008177758  2.290161E-16
5659.20008182526  2.320248E-16
5660.40008187295  2.322156E-16
5661.60008192063  2.270375E-16
5662.80008196831  2.251116E-16
5664.000082016  2.315468E-16
5665.20008206368  2.288335E-16
5666.40008211137  2.200452E-16
5667.60008215905  2.248465E-16
5668.80008220673  2.292616E-16
5670.00008225442  2.317148E-16
5671.2000823021  2.268734E-16
5672.40008234978  2.288817E-16
5673.60008239747  2.331054E-16
5674.80008244515  2.305086E-16
5676.00008249284  2.280701E-16
5677.20008254052  2.295014E-16
5678.4000825882  2.232654E-16
5679.60008263589  2.306230E-16
5680.80008268357  2.325690E-16
5682.00008273126  2.349849E-16
5683.20008277894  2.357183E-16
5684.40008282662  2.350178E-16
5685.60008287431  2.316892E-16
5686.80008292199  2.323880E-16
5688.00008296967  2.269037E-16
5689.20008301736  2.287606E-16
5690.40008306504  2.268760E-16
5691.60008311272  2.320570E-16
5692.80008316041  2.290867E-16
5694.00008320809  2.292896E-16
5695.20008325578  2.149936E-16
5696.40008330346  2.260095E-16
5697.60008335114  2.278989E-16
5698.80008339883  2.284521E-16
5700.00008344651  2.283997E-16
5701.20008349419  2.268697E-16
5702.40008354188  2.306439E-16
5703.60008358956  2.287742E-16
5704.80008363725  2.305393E-16
5706.00008368493  2.276664E-16
5707.20008373261  2.338111E-16
5708.4000837803  2.328079E-16
5709.60008382798  2.267456E-16
5710.80008387566  2.241833E-16
5712.00008392335  2.252295E-16
5713.20008397103  2.213144E-16
5714.40008401871  2.247656E-16
5715.6000840664  2.246024E-16
5716.80008411408  2.164922E-16
5718.00008416177  2.192145E-16
5719.20008420945  2.225312E-16
5720.40008425713  2.247555E-16
5721.60008430482  2.252394E-16
5722.8000843525  2.256473E-16
5724.00008440018  2.237656E-16
5725.20008444787  2.214294E-16
5726.40008449555  2.259783E-16
5727.60008454324  2.299994E-16
5728.80008459092  2.287500E-16
5730.0000846386  2.301049E-16
5731.20008468629  2.324188E-16
5732.40008473397  2.287928E-16
5733.60008478165  2.272056E-16
5734.80008482934  2.286412E-16
5736.00008487702  2.327431E-16
5737.2000849247  2.284739E-16
5738.40008497239  2.267336E-16
5739.60008502007  2.250217E-16
5740.80008506776  2.293505E-16
5742.00008511544  2.319932E-16
5743.20008516312  2.271007E-16
5744.40008521081  2.314427E-16
5745.60008525849  2.178466E-16
5746.80008530618  2.238370E-16
5748.00008535386  2.283435E-16
5749.20008540154  2.219198E-16
5750.40008544923  2.231358E-16
5751.60008549691  2.283071E-16
5752.80008554459  2.200667E-16
5754.00008559228  2.273571E-16
5755.20008563996  2.294890E-16
5756.40008568765  2.290594E-16
5757.60008573533  2.303508E-16
5758.80008578301  2.256757E-16
5760.0000858307  2.254971E-16
5761.20008587838  2.185018E-16
5762.40008592606  2.254598E-16
5763.60008597375  2.332451E-16
5764.80008602143  2.349491E-16
5766.00008606911  2.347628E-16
5767.2000861168  2.339367E-16
5768.40008616448  2.315070E-16
5769.60008621217  2.204559E-16
5770.80008625985  2.240293E-16
5772.00008630753  2.248464E-16
5773.20008635522  2.255678E-16
5774.4000864029  2.339166E-16
5775.60008645058  2.277315E-16
5776.80008649827  2.265472E-16
5778.00008654595  2.251090E-16
5779.20008659364  2.316326E-16
5780.40008664132  2.290554E-16
5781.600086689  2.267002E-16
5782.80008673669  2.272250E-16
5784.00008678437  2.265419E-16
5785.20008683205  2.189225E-16
5786.40008687974  2.241564E-16
5787.60008692742  2.216657E-16
5788.8000869751  2.183115E-16
5790.00008702279  2.141039E-16
5791.20008707047  2.164203E-16
5792.40008711816  2.141722E-16
5793.60008716584  2.176242E-16
5794.80008721352  2.256007E-16
5796.00008726121  2.204599E-16
5797.20008730889  2.193556E-16
5798.40008735658  2.267114E-16
5799.60008740426  2.243555E-16
5800.80008745194  2.188651E-16
5802.00008749963  2.244160E-16
5803.20008754731  2.237186E-16
5804.40008759499  2.261029E-16
5805.60008764268  2.164491E-16
5806.80008769036  2.302658E-16
5808.00008773805  2.334769E-16
5809.20008778573  2.275666E-16
5810.40008783341  2.240948E-16
5811.6000878811  2.285014E-16
5812.80008792878  2.244252E-16
5814.00008797646  2.214054E-16
5815.20008802415  2.289840E-16
5816.40008807183  2.285138E-16
5817.60008811952  2.246462E-16
5818.8000881672  2.308475E-16
5820.00008821488  2.227348E-16
5821.20008826257  2.251203E-16
5822.40008831025  2.247444E-16
5823.60008835793  2.254266E-16
5824.80008840562  2.283422E-16
5826.0000884533  2.255732E-16
5827.20008850099  2.220136E-16
5828.40008854867  2.224254E-16
5829.60008859635  2.224739E-16
5830.80008864404  2.296573E-16
5832.00008869172  2.279551E-16
5833.2000887394  2.235542E-16
5834.40008878709  2.261274E-16
5835.60008883477  2.326273E-16
5836.80008888245  2.329136E-16
5838.00008893014  2.266383E-16
5839.20008897782  2.238047E-16
5840.40008902551  2.252433E-16
5841.60008907319  2.232465E-16
5842.80008912087  2.273224E-16
5844.00008916856  2.275192E-16
5845.20008921624  2.263622E-16
5846.40008926393  2.232687E-16
5847.60008931161  2.205884E-16
5848.80008935929  2.244571E-16
5850.00008940698  2.315683E-16
5851.20008945466  2.273934E-16
5852.40008950234  2.241564E-16
5853.60008955003  2.252158E-16
5854.80008959771  2.247578E-16
5856.00008964539  2.204591E-16
5857.20008969308  2.206795E-16
5858.40008974076  2.167497E-16
5859.60008978845  2.237173E-16
5860.80008983613  2.259838E-16
5862.00008988381  2.163996E-16
5863.2000899315  2.155907E-16
5864.40008997918  2.171934E-16
5865.60009002686  2.158644E-16
5866.80009007455  2.199496E-16
5868.00009012223  2.232273E-16
5869.20009016992  2.297821E-16
5870.4000902176  2.224039E-16
5871.60009026528  2.200380E-16
5872.80009031297  2.274670E-16
5874.00009036065  2.218030E-16
5875.20009040833  2.282288E-16
5876.40009045602  2.288295E-16
5877.6000905037  2.265196E-16
5878.80009055138  2.297090E-16
5880.00009059907  2.296923E-16
5881.20009064675  2.449495E-16
5882.40009069444  2.993972E-16
5883.60009074212  4.083025E-16
5884.8000907898  4.950242E-16
5886.00009083749  4.476837E-16
5887.20009088517  3.107688E-16
5888.40009093285  2.113300E-16
5889.60009098054  2.276253E-16
5890.80009102822  2.624256E-16
5892.00009107591  2.396243E-16
5893.20009112359  1.997429E-16
5894.40009117127  1.866557E-16
5895.60009121896  2.017745E-16
5896.80009126664  2.307617E-16
5898.00009131432  2.302763E-16
5899.20009136201  2.068090E-16
5900.40009140969  2.002791E-16
5901.60009145738  2.042280E-16
5902.80009150506  2.047322E-16
5904.00009155274  2.099813E-16
5905.20009160043  2.081801E-16
5906.40009164811  2.069829E-16
5907.60009169579  2.159851E-16
5908.80009174348  2.230751E-16
5910.00009179116  2.179429E-16
5911.20009183885  2.208465E-16
5912.40009188653  2.174212E-16
5913.60009193421  2.151507E-16
5914.8000919819  2.146824E-16
5916.00009202958  2.300241E-16
5917.20009207726  2.235665E-16
5918.40009212495  2.140965E-16
5919.60009217263  2.073683E-16
5920.80009222032  2.046771E-16
5922.000092268  2.122950E-16
5923.20009231568  2.129074E-16
5924.40009236337  2.133029E-16
5925.60009241105  2.254744E-16
5926.80009245873  2.319913E-16
5928.00009250642  2.206471E-16
5929.2000925541  2.190431E-16
5930.40009260178  2.158042E-16
5931.60009264947  2.114171E-16
5932.80009269715  2.259560E-16
5934.00009274484  2.289722E-16
5935.20009279252  2.216761E-16
5936.4000928402  2.179650E-16
5937.60009288789  2.110196E-16
5938.80009293557  2.147926E-16
5940.00009298325  2.143403E-16
5941.20009303094  2.122408E-16
5942.40009307862  2.124815E-16
5943.60009312631  2.073618E-16
5944.80009317399  2.083390E-16
5946.00009322167  2.166705E-16
5947.20009326936  2.145998E-16
5948.40009331704  2.136097E-16
5949.60009336472  2.126232E-16
5950.80009341241  2.113325E-16
5952.00009346009  2.070146E-16
5953.20009350778  2.099026E-16
5954.40009355546  2.207611E-16
5955.60009360314  2.243354E-16
5956.80009365083  2.205172E-16
5958.00009369851  2.144679E-16
5959.20009374619  2.123522E-16
5960.40009379388  2.137128E-16
5961.60009384156  2.206436E-16
5962.80009388924  2.096287E-16
5964.00009393693  2.078434E-16
5965.20009398461  2.122968E-16
5966.4000940323  2.156827E-16
5967.60009407998  2.148094E-16
5968.80009412766  2.169776E-16
5970.00009417535  2.101222E-16
5971.20009422303  2.120702E-16
5972.40009427071  2.099053E-16
5973.6000943184  2.133341E-16
5974.80009436608  2.105953E-16
5976.00009441377  2.116436E-16
5977.20009446145  2.124502E-16
5978.40009450913  2.197884E-16
5979.60009455682  2.239831E-16
5980.8000946045  2.150237E-16
5982.00009465219  2.179306E-16
5983.20009469987  2.210102E-16
5984.40009474755  2.113398E-16
5985.60009479524  2.126299E-16
5986.80009484292  2.149002E-16
5988.0000948906  2.186163E-16
5989.20009493829  2.188207E-16
5990.40009498597  2.155497E-16
5991.60009503365  2.123167E-16
5992.80009508134  2.073018E-16
5994.00009512902  2.093578E-16
5995.20009517671  2.089723E-16
5996.40009522439  2.151359E-16
5997.60009527207  2.199742E-16
5998.80009531976  2.217571E-16
6000.00009536744  2.169751E-16
6001.20009541512  2.085880E-16
6002.40009546281  2.111323E-16
6003.60009551049  2.104448E-16
6004.80009555817  2.158196E-16
6006.00009560586  2.122070E-16
6007.20009565354  2.072850E-16
6008.40009570123  2.173332E-16
6009.60009574891  2.190078E-16
6010.80009579659  2.160138E-16
6012.00009584428  2.177168E-16
6013.20009589196  2.168305E-16
6014.40009593964  2.145378E-16
6015.60009598733  2.132954E-16
6016.80009603501  2.112597E-16
6018.0000960827  2.103398E-16
6019.20009613038  2.102730E-16
6020.40009617806  2.102815E-16
6021.60009622575  2.115776E-16
6022.80009627343  2.118746E-16
6024.00009632111  2.085248E-16
6025.2000963688  2.095657E-16
6026.40009641648  2.085915E-16
6027.60009646417  2.067050E-16
6028.80009651185  2.103337E-16
6030.00009655953  2.057863E-16
6031.20009660722  2.070197E-16
6032.4000966549  2.081630E-16
6033.60009670258  2.117772E-16
6034.80009675027  2.189000E-16
6036.00009679795  2.142491E-16
6037.20009684564  2.217050E-16
6038.40009689332  2.161753E-16
6039.600096941  2.099366E-16
6040.80009698869  2.146347E-16
6042.00009703637  2.160927E-16
6043.20009708405  2.201474E-16
6044.40009713174  2.153331E-16
6045.60009717942  2.133614E-16
6046.8000972271  2.173233E-16
6048.00009727479  2.132029E-16
6049.20009732247  2.181689E-16
6050.40009737016  2.084233E-16
6051.60009741784  2.131018E-16
6052.80009746552  2.146606E-16
6054.00009751321  2.116340E-16
6055.20009756089  2.149401E-16
6056.40009760858  2.112026E-16
6057.60009765626  2.131964E-16
6058.80009770394  2.130342E-16
6060.00009775163  2.130922E-16
6061.20009779931  2.082773E-16
6062.40009784699  2.099716E-16
6063.60009789468  2.122457E-16
6064.80009794236  2.092123E-16
6066.00009799005  2.122898E-16
6067.20009803773  2.159842E-16
6068.40009808541  2.131281E-16
6069.6000981331  2.113471E-16
6070.80009818078  2.085240E-16
6072.00009822846  2.117733E-16
6073.20009827615  2.116798E-16
6074.40009832383  2.092272E-16
6075.60009837152  2.078529E-16
6076.8000984192  2.097965E-16
6078.00009846688  2.161418E-16
6079.20009851457  2.165326E-16
6080.40009856225  2.151205E-16
6081.60009860993  2.184216E-16
6082.80009865762  2.117483E-16
6084.0000987053  2.080191E-16
6085.20009875299  2.112839E-16
6086.40009880067  2.139688E-16
6087.60009884835  2.089364E-16
6088.80009889604  2.081555E-16
6090.00009894372  2.087739E-16
6091.2000989914  2.062122E-16
6092.40009903909  2.117856E-16
6093.60009908677  2.080052E-16
6094.80009913445  2.052484E-16
6096.00009918214  2.118034E-16
6097.20009922982  2.120788E-16
6098.40009927751  2.152588E-16
6099.60009932519  2.022039E-16
6100.80009937287  2.106575E-16
6102.00009942056  2.117822E-16
6103.20009946824  2.129532E-16
6104.40009951592  2.130185E-16
6105.60009956361  2.149252E-16
6106.80009961129  2.108270E-16
6108.00009965898  2.131266E-16
6109.20009970666  2.146992E-16
6110.40009975434  2.096207E-16
6111.60009980203  2.044738E-16
6112.80009984971  2.059361E-16
6114.00009989739  2.071394E-16
6115.20009994508  2.082277E-16
6116.40009999276  2.084949E-16
6117.60010004045  2.076858E-16
6118.80010008813  2.086713E-16
6120.00010013581  2.078989E-16
6121.2001001835  2.102082E-16
6122.40010023118  2.124933E-16
6123.60010027886  2.123149E-16
6124.80010032655  2.081448E-16
6126.00010037423  2.089820E-16
6127.20010042191  2.095848E-16
6128.4001004696  2.088280E-16
6129.60010051728  2.102927E-16
6130.80010056497  2.066267E-16
6132.00010061265  2.068829E-16
6133.20010066034  2.135828E-16
6134.40010070802  2.110387E-16
6135.6001007557  2.111543E-16
6136.80010080338  2.120408E-16
6138.00010085107  2.074796E-16
6139.20010089875  2.112797E-16
6140.40010094644  2.154406E-16
6141.60010099412  2.134350E-16
6142.8001010418  2.073583E-16
6144.00010108949  2.000299E-16
6145.20010113717  2.006319E-16
6146.40010118486  2.007812E-16
6147.60010123254  2.031296E-16
6148.80010128022  1.980057E-16
6150.00010132791  1.996986E-16
6151.20010137559  2.043833E-16
6152.40010142327  2.069245E-16
6153.60010147096  2.126659E-16
6154.80010151864  2.058443E-16
6156.00010156632  2.108457E-16
6157.20010161401  2.044585E-16
6158.40010166169  2.052509E-16
6159.60010170938  2.077288E-16
6160.80010175706  2.067027E-16
6162.00010180474  2.082407E-16
6163.20010185243  2.054451E-16
6164.40010190011  2.078560E-16
6165.60010194779  2.036800E-16
6166.80010199548  2.070473E-16
6168.00010204316  2.007618E-16
6169.20010209085  2.003741E-16
6170.40010213853  2.002376E-16
6171.60010218621  1.987798E-16
6172.8001022339  2.028382E-16
6174.00010228158  2.004810E-16
6175.20010232926  2.019811E-16
6176.40010237695  2.055032E-16
6177.60010242463  2.016074E-16
6178.80010247231  1.979478E-16
6180.00010252  1.994080E-16
6181.20010256768  1.977051E-16
6182.40010261537  2.045582E-16
6183.60010266305  2.048032E-16
6184.80010271073  1.995091E-16
6186.00010275842  2.025619E-16
6187.2001028061  2.011843E-16
6188.40010285378  2.037046E-16
6189.60010290147  2.046387E-16
6190.80010294915  2.058298E-16
6192.00010299684  2.092204E-16
6193.20010304452  2.078078E-16
6194.4001030922  2.064771E-16
6195.60010313989  2.084551E-16
6196.80010318757  2.079585E-16
6198.00010323525  2.031454E-16
6199.20010328294  2.041273E-16
6200.40010333062  2.034803E-16
6201.60010337831  1.987398E-16
6202.80010342599  2.009331E-16
6204.00010347367  2.067452E-16
6205.20010352136  2.046640E-16
6206.40010356904  2.023321E-16
6207.60010361672  2.008724E-16
6208.80010366441  1.990195E-16
6210.00010371209  2.031308E-16
6211.20010375978  2.068627E-16
6212.40010380746  2.051469E-16
6213.60010385514  2.080147E-16
6214.80010390283  2.012635E-16
6216.00010395051  2.029142E-16
6217.20010399819  2.068380E-16
6218.40010404588  2.094236E-16
6219.60010409356  1.982816E-16
6220.80010414124  2.029143E-16
6222.00010418893  1.971534E-16
6223.20010423661  2.030137E-16
6224.4001042843  1.983601E-16
6225.60010433198  1.973828E-16
6226.80010437966  2.026872E-16
6228.00010442735  1.980504E-16
6229.20010447503  1.984060E-16
6230.40010452271  1.997151E-16
6231.6001045704  1.952836E-16
6232.80010461808  1.989872E-16
6234.00010466577  1.987859E-16
6235.20010471345  2.025934E-16
6236.40010476113  2.069173E-16
6237.60010480882  2.025836E-16
6238.8001048565  2.007121E-16
6240.00010490418  1.900312E-16
6241.20010495187  1.961649E-16
6242.40010499955  1.988417E-16
6243.60010504724  2.055930E-16
6244.80010509492  2.088698E-16
6246.0001051426  2.027764E-16
6247.20010519029  2.012986E-16
6248.40010523797  2.024070E-16
6249.60010528565  2.026343E-16
6250.80010533334  2.042394E-16
6252.00010538102  2.038145E-16
6253.20010542871  2.026482E-16
6254.40010547639  2.014808E-16
6255.60010552407  1.933520E-16
6256.80010557176  1.903566E-16
6258.00010561944  2.069295E-16
6259.20010566713  2.157012E-16
6260.40010571481  2.130538E-16
6261.60010576249  1.961514E-16
6262.80010581018  1.943451E-16
6264.00010585786  1.923727E-16
6265.20010590554  1.911200E-16
6266.40010595323  2.025649E-16
6267.60010600091  2.003594E-16
6268.80010604859  2.008514E-16
6270.00010609628  1.983619E-16
6271.20010614396  1.967499E-16
6272.40010619165  2.003585E-16
6273.60010623933  2.019285E-16
6274.80010628701  1.983977E-16
6276.0001063347  2.061888E-16
6277.20010638238  1.971504E-16
6278.40010643006  1.895959E-16
6279.60010647775  1.916071E-16
6280.80010652543  1.915062E-16
6282.00010657311  1.929390E-16
6283.2001066208  1.999981E-16
6284.40010666848  2.005763E-16
6285.60010671617  1.950777E-16
6286.80010676385  1.972244E-16
6288.00010681153  2.143744E-16
6289.20010685922  2.073308E-16
6290.4001069069  1.986839E-16
6291.60010695458  1.956662E-16
6292.80010700227  1.936400E-16
6294.00010704995  1.953744E-16
6295.20010709764  1.924113E-16
6296.40010714532  1.872501E-16
6297.600107193  2.000000E-16
6298.80010724069  2.000000E-16
6300.00010728837  2.000000E-16
6301.20010733605  2.000000E-16
6302.40010738374  2.000000E-16
6303.60010743142  1.974930E-16
6304.80010747911  1.890916E-16
6306.00010752679  2.009031E-16
6307.20010757447  2.271259E-16
6308.40010762216  2.705431E-16
6309.60010766984  3.119752E-16
6310.80010771752  3.102992E-16
6312.00010776521  2.717136E-16
6313.20010781289  2.323563E-16
6314.40010786057  2.125402E-16
6315.60010790826  2.026506E-16
6316.80010795594  2.098199E-16
6318.00010800363  2.053359E-16
6319.20010805131  2.040000E-16
6320.40010809899  2.250000E-16
6321.60010814668  2.455003E-16
6322.80010819436  2.447630E-16
6324.00010824205  2.281342E-16
6325.20010828973  2.051622E-16
6326.40010833741  1.944039E-16
6327.6001083851  1.952593E-16
6328.80010843278  1.867135E-16
6330.00010848046  1.993009E-16
6331.20010852815  2.171535E-16
6332.40010857583  2.116186E-16
6333.60010862352  1.955272E-16
6334.8001086712  2.045244E-16
6336.00010871888  2.016518E-16
6337.20010876657  2.045018E-16
6338.40010881425  1.969545E-16
6339.60010886193  1.932045E-16
6340.80010890962  1.998873E-16
6342.0001089573  2.077698E-16
6343.20010900498  1.926138E-16
6344.40010905267  1.991186E-16
6345.60010910035  1.991693E-16
6346.80010914804  1.934380E-16
6348.00010919572  1.952950E-16
6349.2001092434  2.020477E-16
6350.40010929109  2.075471E-16
6351.60010933877  2.018796E-16
6352.80010938646  1.980378E-16
6354.00010943414  2.039137E-16
6355.20010948182  1.939388E-16
6356.40010952951  2.034101E-16
6357.60010957719  2.176494E-16
6358.80010962487  2.043637E-16
6360.00010967256  1.948044E-16
6361.20010972024  1.870541E-16
6362.40010976792  1.833222E-16
6363.60010981561  1.980163E-16
6364.80010986329  2.104061E-16
6366.00010991098  2.077225E-16
6367.20010995866  1.971805E-16
6368.40011000634  1.965992E-16
6369.60011005403  1.998488E-16
6370.80011010171  2.051854E-16
6372.00011014939  2.139706E-16
6373.20011019708  2.311284E-16
6374.40011024476  2.365552E-16
6375.60011029245  2.246378E-16
6376.80011034013  2.098010E-16
6378.00011038781  2.035602E-16
6379.2001104355  2.017269E-16
6380.40011048318  2.041871E-16
6381.60011053086  2.002850E-16
6382.80011057855  2.000266E-16
6384.00011062623  2.034499E-16
6385.20011067392  2.001020E-16
6386.4001107216  2.005660E-16
6387.60011076928  2.041492E-16
6388.80011081697  2.052879E-16
6390.00011086465  2.003935E-16
6391.20011091233  2.019388E-16
6392.40011096002  2.045596E-16
6393.6001110077  2.039134E-16
6394.80011105538  2.012941E-16
6396.00011110307  1.975409E-16
6397.20011115075  2.023125E-16
6398.40011119844  1.975265E-16
6399.60011124612  2.031675E-16
6400.8001112938  1.935340E-16
6402.00011134149  1.954092E-16
6403.20011138917  1.941544E-16
6404.40011143685  1.984495E-16
6405.60011148454  2.060070E-16
6406.80011153222  2.054853E-16
6408.00011157991  2.007061E-16
6409.20011162759  1.934692E-16
6410.40011167527  1.991484E-16
6411.60011172296  2.005357E-16
6412.80011177064  2.017219E-16
6414.00011181832  2.025644E-16
6415.20011186601  2.108014E-16
6416.40011191369  2.039436E-16
6417.60011196137  1.934840E-16
6418.80011200906  1.981799E-16
6420.00011205674  1.944996E-16
6421.20011210443  2.029208E-16
6422.40011215211  2.004449E-16
6423.60011219979  1.998860E-16
6424.80011224748  2.015734E-16
6426.00011229516  2.010000E-16
6427.20011234285  1.999310E-16
6428.40011239053  1.991698E-16
6429.60011243821  1.981669E-16
6430.8001124859  1.987743E-16
6432.00011253358  1.990074E-16
6433.20011258126  2.014319E-16
6434.40011262895  2.076210E-16
6435.60011267663  2.004306E-16
6436.80011272432  2.023046E-16
6438.000112772  1.999883E-16
6439.20011281968  1.991790E-16
6440.40011286737  1.935958E-16
6441.60011291505  1.988277E-16
6442.80011296273  2.014364E-16
6444.00011301042  2.038627E-16
6445.2001130581  2.034170E-16
6446.40011310578  1.996570E-16
6447.60011315347  1.958347E-16
6448.80011320115  1.996486E-16
6450.00011324884  2.030406E-16
6451.20011329652  2.045924E-16
6452.4001133442  2.049742E-16
6453.60011339189  2.011166E-16
6454.80011343957  2.027867E-16
6456.00011348725  2.038139E-16
6457.20011353494  2.015493E-16
6458.40011358262  1.959804E-16
6459.6001136303  1.975473E-16
6460.80011367799  1.968895E-16
6462.00011372567  1.979401E-16
6463.20011377336  1.948473E-16
6464.40011382104  1.951391E-16
6465.60011386872  2.000723E-16
6466.80011391641  2.042318E-16
6468.00011396409  2.056531E-16
6469.20011401178  1.904412E-16
6470.40011405946  1.945979E-16
6471.60011410714  2.018718E-16
6472.80011415483  1.956616E-16
6474.00011420251  1.988132E-16
6475.2001142502  1.927068E-16
6476.40011429788  1.957650E-16
6477.60011434556  1.986604E-16
6478.80011439325  1.970297E-16
6480.00011444093  2.086071E-16
6481.20011448861  1.976591E-16
6482.4001145363  1.929396E-16
6483.60011458398  1.946455E-16
6484.80011463166  1.998350E-16
6486.00011467935  2.032817E-16
6487.20011472703  1.970649E-16
6488.40011477472  2.011579E-16
6489.6001148224  1.971169E-16
6490.80011487008  1.987642E-16
6492.00011491777  1.927962E-16
6493.20011496545  1.986434E-16
6494.40011501313  1.973500E-16
6495.60011506082  1.928433E-16
6496.8001151085  1.922478E-16
6498.00011515618  1.941171E-16
6499.20011520387  1.960146E-16
6500.40011525155  2.068259E-16
6501.60011529924  1.914317E-16
6502.80011534692  1.893524E-16
6504.0001153946  1.889539E-16
6505.20011544229  1.901267E-16
6506.40011548997  1.838535E-16
6507.60011553765  1.836082E-16
6508.80011558534  1.870419E-16
6510.00011563302  1.872376E-16
6511.20011568071  1.909686E-16
6512.40011572839  1.961945E-16
6513.60011577607  1.966052E-16
6514.80011582376  1.981672E-16
6516.00011587144  1.993536E-16
6517.20011591912  1.971102E-16
6518.40011596681  1.952658E-16
6519.60011601449  1.907468E-16
6520.80011606217  1.912080E-16
6522.00011610986  1.915566E-16
6523.20011615754  1.950075E-16
6524.40011620523  1.897058E-16
6525.60011625291  1.935785E-16
6526.80011630059  1.913821E-16
6528.00011634828  1.928960E-16
6529.20011639596  1.962282E-16
6530.40011644364  1.912047E-16
6531.60011649133  1.866490E-16
6532.80011653901  1.889306E-16
6534.0001165867  2.050719E-16
6535.20011663438  2.058240E-16
6536.40011668206  1.960601E-16
6537.60011672975  1.943361E-16
6538.80011677743  1.903130E-16
6540.00011682511  1.927861E-16
6541.2001168728  1.911869E-16
6542.40011692048  1.965366E-16
6543.60011696816  1.922002E-16
6544.80011701585  1.981846E-16
6546.00011706353  2.041336E-16
6547.20011711122  1.991441E-16
6548.4001171589  1.899160E-16
6549.60011720658  1.917735E-16
6550.80011725427  1.947831E-16
6552.00011730195  1.969341E-16
6553.20011734964  1.971445E-16
6554.40011739732  2.349013E-16
6555.600117445  2.549988E-16
6556.80011749269  3.194709E-16
6558.00011754037  3.873741E-16
6559.20011758805  3.861103E-16
6560.40011763574  2.985269E-16
6561.60011768342  2.289274E-16
6562.80011773111  2.046092E-16
6564.00011777879  2.111673E-16
6565.20011782647  2.112651E-16
6566.40011787416  2.366977E-16
6567.60011792184  3.433720E-16
6568.80011796952  6.875586E-16
6570.00011801721  1.681745E-15
6571.20011806489  3.931381E-15
6572.40011811257  6.978371E-15
6573.60011816026  6.876575E-15
6574.80011820794  4.152083E-15
6576.00011825563  1.694199E-15
6577.20011830331  6.430242E-16
6578.400118351  3.459841E-16
6579.60011839868  2.489971E-16
6580.80011844636  2.064531E-16
6582.00011849405  1.967150E-16
6583.20011854173  1.931748E-16
6584.40011858941  1.929012E-16
6585.6001186371  1.987080E-16
6586.80011868478  2.017646E-16
6588.00011873247  2.097302E-16
6589.20011878015  2.292179E-16
6590.40011882783  3.010855E-16
6591.60011887552  4.714352E-16
6592.8001189232  7.097455E-16
6594.00011897088  8.220566E-16
6595.20011901857  6.541918E-16
6596.40011906625  3.954486E-16
6597.60011911393  2.594187E-16
6598.80011916162  2.182702E-16
6600.0001192093  2.004154E-16
6601.20011925699  1.909699E-16
6602.40011930467  1.858202E-16
6603.60011935235  1.802240E-16
6604.80011940004  1.874447E-16
6606.00011944772  1.980337E-16
6607.2001194954  1.928340E-16
6608.40011954309  1.891191E-16
6609.60011959077  1.938883E-16
6610.80011963846  1.919962E-16
6612.00011968614  1.931489E-16
6613.20011973382  1.927954E-16
6614.40011978151  1.924819E-16
6615.60011982919  1.905789E-16
6616.80011987687  1.937949E-16
6618.00011992456  1.958845E-16
6619.20011997224  1.880472E-16
6620.40012001993  1.894242E-16
6621.60012006761  1.913660E-16
6622.80012011529  1.949432E-16
6624.00012016298  1.930985E-16
6625.20012021066  1.953079E-16
6626.40012025834  1.946441E-16
6627.60012030603  2.009789E-16
6628.80012035371  1.989077E-16
6630.00012040139  1.933187E-16
6631.20012044908  1.969545E-16
6632.40012049676  1.953988E-16
6633.60012054445  1.886077E-16
6634.80012059213  1.908950E-16
6636.00012063981  1.954063E-16
6637.2001206875  1.921425E-16
6638.40012073518  1.939382E-16
6639.60012078286  1.958910E-16
6640.80012083055  1.916625E-16
6642.00012087823  1.941922E-16
6643.20012092591  1.888743E-16
6644.4001209736  1.895423E-16
6645.60012102128  1.919560E-16
6646.80012106897  1.981829E-16
6648.00012111665  1.927629E-16
6649.20012116433  1.908478E-16
6650.40012121202  1.933246E-16
6651.6001212597  1.953248E-16
6652.80012130739  1.932124E-16
6654.00012135507  1.946331E-16
6655.20012140275  2.006209E-16
6656.40012145044  1.954417E-16
6657.60012149812  1.938986E-16
6658.8001215458  1.946261E-16
6660.00012159349  1.913388E-16
6661.20012164117  1.949884E-16
6662.40012168885  1.963524E-16
6663.60012173654  1.944769E-16
6664.80012178422  1.946797E-16
6666.00012183191  1.918213E-16
6667.20012187959  1.948536E-16
6668.40012192727  1.997736E-16
6669.60012197496  2.006200E-16
6670.80012202264  1.967792E-16
6672.00012207032  1.976440E-16
6673.20012211801  1.926253E-16
6674.40012216569  1.987195E-16
6675.60012221338  1.985172E-16
6676.80012226106  1.955568E-16
6678.00012230874  1.954759E-16
6679.20012235643  1.950531E-16
6680.40012240411  1.921093E-16
6681.60012245179  1.935896E-16
6682.80012249948  1.943892E-16
6684.00012254716  1.918489E-16
6685.20012259484  2.017558E-16
6686.40012264253  2.184047E-16
6687.60012269021  2.502262E-16
6688.8001227379  2.687024E-16
6690.00012278558  2.547874E-16
6691.20012283326  2.255025E-16
6692.40012288095  1.975104E-16
6693.60012292863  1.969026E-16
6694.80012297632  1.960463E-16
6696.000123024  1.917688E-16
6697.20012307168  1.934256E-16
6698.40012311937  1.874296E-16
6699.60012316705  1.948530E-16
6700.80012321473  1.957369E-16
6702.00012326242  1.938963E-16
6703.2001233101  1.931909E-16
6704.40012335778  1.920993E-16
6705.60012340547  1.924600E-16
6706.80012345315  1.901629E-16
6708.00012350084  1.974552E-16
6709.20012354852  1.917087E-16
6710.4001235962  1.983489E-16
6711.60012364389  1.913158E-16
6712.80012369157  1.902408E-16
6714.00012373926  1.948788E-16
6715.20012378694  1.904755E-16
6716.40012383462  1.968236E-16
6717.6001238823  1.962951E-16
6718.80012392999  2.007281E-16
6720.00012397767  2.024724E-16
6721.20012402536  2.136839E-16
6722.40012407304  2.551166E-16
6723.60012412072  3.569092E-16
6724.80012416841  5.818601E-16
6726.00012421609  9.450270E-16
6727.20012426378  1.133016E-15
6728.40012431146  8.301359E-16
6729.60012435914  4.318913E-16
6730.80012440683  2.691780E-16
6732.00012445451  2.222681E-16
6733.20012450219  2.116996E-16
6734.40012454988  2.024074E-16
6735.60012459756  2.091225E-16
6736.80012464525  2.445986E-16
6738.00012469293  3.222946E-16
6739.20012474061  4.690880E-16
6740.4001247883  7.396503E-16
6741.60012483598  8.318974E-16
6742.80012488366  6.167943E-16
6744.00012493135  3.730315E-16
6745.20012497903  2.538851E-16
6746.40012502672  2.094931E-16
6747.6001250744  1.998986E-16
6748.80012512208  1.948893E-16
6750.00012516977  1.863207E-16
6751.20012521745  1.914792E-16
6752.40012526513  1.977031E-16
6753.60012531282  1.954443E-16
6754.8001253605  1.904816E-16
6756.00012540818  1.980098E-16
6757.20012545587  1.910490E-16
6758.40012550355  1.921037E-16
6759.60012555124  1.854824E-16
6760.80012559892  1.893231E-16
6762.0001256466  1.901557E-16
6763.20012569429  1.876739E-16
6764.40012574197  1.907944E-16
6765.60012578965  1.887564E-16
6766.80012583734  1.889679E-16
6768.00012588502  1.914672E-16
6769.2001259327  1.965575E-16
6770.40012598039  1.972789E-16
6771.60012602807  1.934122E-16
6772.80012607576  1.914705E-16
6774.00012612344  1.894022E-16
6775.20012617112  1.857232E-16
6776.40012621881  1.855194E-16
6777.60012626649  1.880679E-16
6778.80012631418  1.826986E-16
6780.00012636186  1.899836E-16
6781.20012640954  1.875141E-16
6782.40012645723  1.899042E-16
6783.60012650491  1.927958E-16
6784.80012655259  1.939174E-16
6786.00012660028  1.906687E-16
6787.20012664796  1.913450E-16
6788.40012669564  1.937250E-16
6789.60012674333  1.968023E-16
6790.80012679101  1.920905E-16
6792.0001268387  1.938674E-16
6793.20012688638  1.922658E-16
6794.40012693406  1.870626E-16
6795.60012698175  1.863685E-16
6796.80012702943  1.851414E-16
6798.00012707711  1.854363E-16
6799.2001271248  1.800000E-16
6800.40012717248  1.800000E-16
6801.60012722017  1.810813E-16
6802.80012726785  1.829895E-16
6804.00012731553  1.800000E-16
6805.20012736322  1.800000E-16
6806.4001274109  1.800000E-16
6807.60012745858  1.800000E-16
6808.80012750627  1.866693E-16
6810.00012755395  1.901405E-16
6811.20012760163  1.854715E-16
6812.40012764932  1.896210E-16
6813.600127697  1.934280E-16
6814.80012774469  1.869055E-16
6816.00012779237  1.872240E-16
6817.20012784005  1.902633E-16
6818.40012788774  1.892363E-16
6819.60012793542  1.838695E-16
6820.80012798311  1.872942E-16
6822.00012803079  1.901040E-16
6823.20012807847  1.806750E-16
6824.40012812616  1.860853E-16
6825.60012817384  1.820864E-16
6826.80012822152  1.771371E-16
6828.00012826921  1.889142E-16
6829.20012831689  2.068584E-16
6830.40012836458  2.158671E-16
6831.60012841226  1.945629E-16
6832.80012845994  1.633504E-16
6834.00012850763  1.775990E-16
6835.20012855531  2.121862E-16
6836.40012860299  1.997156E-16
6837.60012865068  1.729947E-16
6838.80012869836  1.670887E-16
6840.00012874605  1.846144E-16
6841.20012879373  1.816828E-16
6842.40012884141  2.030286E-16
6843.6001288891  2.000386E-16
6844.80012893678  1.840699E-16
6846.00012898446  1.847619E-16
6847.20012903215  1.819080E-16
6848.40012907983  1.808290E-16
6849.60012912751  1.855758E-16
6850.8001291752  1.801330E-16
6852.00012922288  1.812752E-16
6853.20012927057  1.888186E-16
6854.40012931825  1.840320E-16
6855.60012936593  1.887505E-16
6856.80012941362  1.892282E-16
6858.0001294613  1.812435E-16
6859.20012950898  1.752000E-16
6860.40012955667  1.682223E-16
6861.60012960435  1.591811E-16
6862.80012965204  1.608239E-16
6864.00012969972  2.192375E-16
6865.2001297474  2.400079E-16
6866.40012979509  1.785389E-16
6867.60012984277  1.300623E-16
6868.80012989045  1.313500E-16
6870.00012993814  1.238995E-16
6871.20012998582  1.318060E-16
6872.40013003351  1.453316E-16
6873.60013008119  1.402819E-16
6874.80013012887  1.441717E-16
6876.00013017656  1.542312E-16
6877.20013022424  1.615906E-16
6878.40013027192  1.658810E-16
6879.60013031961  1.640179E-16
6880.80013036729  1.750566E-16
6882.00013041497  1.882156E-16
6883.20013046266  1.834411E-16
6884.40013051034  1.703767E-16
6885.60013055803  1.707777E-16
6886.80013060571  1.648682E-16
6888.00013065339  1.643123E-16
6889.20013070108  1.710309E-16
6890.40013074876  1.812391E-16
6891.60013079644  1.760876E-16
6892.80013084413  1.605519E-16
6894.00013089181  1.678854E-16
6895.2001309395  1.712252E-16
6896.40013098718  1.729929E-16
6897.60013103486  1.753279E-16
6898.80013108255  1.745036E-16
6900.00013113023  1.733124E-16
6901.20013117791  1.858203E-16
6902.4001312256  1.883782E-16
6903.60013127328  1.807720E-16
6904.80013132097  1.791873E-16
6906.00013136865  1.770285E-16
6907.20013141633  1.803746E-16
6908.40013146402  1.830023E-16
6909.6001315117  1.852159E-16
6910.80013155938  1.849036E-16
6912.00013160707  1.812882E-16
6913.20013165475  1.952316E-16
6914.40013170243  1.959505E-16
6915.60013175012  1.836539E-16
6916.8001317978  1.785078E-16
6918.00013184549  1.793834E-16
6919.20013189317  1.855960E-16
6920.40013194085  1.853423E-16
6921.60013198854  1.781919E-16
6922.80013203622  1.916872E-16
6924.0001320839  2.140234E-16
6925.20013213159  2.028955E-16
6926.40013217927  1.788161E-16
6927.60013222696  1.787153E-16
6928.80013227464  1.825784E-16
6930.00013232232  1.825172E-16
6931.20013237001  1.852543E-16
6932.40013241769  1.832701E-16
6933.60013246537  1.832481E-16
6934.80013251306  1.778772E-16
6936.00013256074  1.789749E-16
6937.20013260842  1.806787E-16
6938.40013265611  1.784651E-16
6939.60013270379  1.910108E-16
6940.80013275148  1.993603E-16
6942.00013279916  1.867580E-16
6943.20013284684  1.705065E-16
6944.40013289453  1.715350E-16
6945.60013294221  1.637552E-16
6946.8001329899  1.600051E-16
6948.00013303758  1.709608E-16
6949.20013308526  2.057316E-16
6950.40013313295  2.329645E-16
6951.60013318063  2.081328E-16
6952.80013322831  1.823130E-16
6954.000133276  1.793269E-16
6955.20013332368  1.817968E-16
6956.40013337137  1.712681E-16
6957.60013341905  1.736660E-16
6958.80013346673  1.802581E-16
6960.00013351442  1.867111E-16
6961.2001335621  1.825199E-16
6962.40013360978  1.793936E-16
6963.60013365747  1.824884E-16
6964.80013370515  1.815232E-16
6966.00013375284  1.711413E-16
6967.20013380052  1.702953E-16
6968.4001338482  1.724464E-16
6969.60013389589  1.736176E-16
6970.80013394357  1.879278E-16
6972.00013399125  2.004373E-16
6973.20013403894  1.947086E-16
6974.40013408662  1.765961E-16
6975.6001341343  1.746743E-16
6976.80013418199  1.781545E-16
6978.00013422967  1.837667E-16
6979.20013427736  2.338379E-16
6980.40013432504  2.438201E-16
6981.60013437272  2.073423E-16
6982.80013442041  1.916340E-16
6984.00013446809  1.863821E-16
6985.20013451577  1.729619E-16
6986.40013456346  1.737683E-16
6987.60013461114  1.793973E-16
6988.80013465883  1.719560E-16
6990.00013470651  1.645119E-16
6991.20013475419  1.806057E-16
6992.40013480188  1.784078E-16
6993.60013484956  1.768670E-16
6994.80013489725  1.820334E-16
6996.00013494493  1.761188E-16
6997.20013499261  1.806589E-16
6998.4001350403  1.831468E-16
6999.60013508798  1.826410E-16
7000.80013513566  1.736741E-16
7002.00013518335  1.796875E-16
7003.20013523103  1.665207E-16
7004.40013527871  1.744783E-16
7005.6001353264  1.765023E-16
7006.80013537408  1.786014E-16
7008.00013542177  1.732931E-16
7009.20013546945  1.815822E-16
7010.40013551713  1.631217E-16
7011.60013556482  1.657736E-16
7012.8001356125  1.651701E-16
7014.00013566018  1.717972E-16
7015.20013570787  1.719933E-16
7016.40013575555  1.837361E-16
7017.60013580323  1.802535E-16
7018.80013585092  1.762122E-16
7020.0001358986  1.788922E-16
7021.20013594629  1.796191E-16
7022.40013599397  1.741207E-16
7023.60013604165  1.737270E-16
7024.80013608934  1.764275E-16
7026.00013613702  1.644850E-16
7027.2001361847  1.687793E-16
7028.40013623239  1.773024E-16
7029.60013628007  1.640640E-16
7030.80013632776  1.778648E-16
7032.00013637544  1.746657E-16
7033.20013642312  1.666390E-16
7034.40013647081  1.745157E-16
7035.60013651849  1.765097E-16
7036.80013656617  1.698448E-16
7038.00013661386  1.704135E-16
7039.20013666154  1.713613E-16
7040.40013670923  1.701230E-16
7041.60013675691  1.803862E-16
7042.80013680459  1.743246E-16
7044.00013685228  1.713270E-16
7045.20013689996  1.718960E-16
7046.40013694764  1.773223E-16
7047.60013699533  1.709045E-16
7048.80013704301  1.770798E-16
7050.00013709069  1.733966E-16
7051.20013713838  1.678655E-16
7052.40013718606  1.753313E-16
7053.60013723375  1.764103E-16
7054.80013728143  1.742800E-16
7056.00013732911  1.741886E-16
7057.2001373768  1.780573E-16
7058.40013742448  1.767462E-16
7059.60013747216  1.851738E-16
7060.80013751985  1.823816E-16
7062.00013756753  1.751136E-16
7063.20013761521  1.701245E-16
7064.4001376629  1.686650E-16
7065.60013771058  1.704389E-16
7066.80013775827  1.769594E-16
7068.00013780595  1.785965E-16
7069.20013785363  1.725164E-16
7070.40013790132  1.775696E-16
7071.600137949  1.786985E-16
7072.80013799669  1.811440E-16
7074.00013804437  1.973751E-16
7075.20013809205  2.151617E-16
7076.40013813974  2.177717E-16
7077.60013818742  1.999402E-16
7078.8001382351  1.854889E-16
7080.00013828279  1.721341E-16
7081.20013833047  1.702885E-16
7082.40013837816  1.728003E-16
7083.60013842584  1.663900E-16
7084.80013847352  1.703317E-16
7086.00013852121  1.689193E-16
7087.20013856889  1.659929E-16
7088.40013861657  1.680227E-16
7089.60013866426  1.658341E-16
7090.80013871194  1.683012E-16
7092.00013875963  1.646260E-16
7093.20013880731  1.635082E-16
7094.40013885499  1.618535E-16
7095.60013890268  1.680820E-16
7096.80013895036  1.682866E-16
7098.00013899804  1.671807E-16
7099.20013904573  1.658562E-16
7100.40013909341  1.615481E-16
7101.6001391411  1.686854E-16
7102.80013918878  1.651984E-16
7104.00013923646  1.568956E-16
7105.20013928415  1.637097E-16
7106.40013933183  1.675566E-16
7107.60013937951  1.664261E-16
7108.8001394272  1.668413E-16
7110.00013947488  1.702609E-16
7111.20013952256  1.647438E-16
7112.40013957025  1.639997E-16
7113.60013961793  1.642928E-16
7114.80013966562  1.665826E-16
7116.0001397133  1.610822E-16
7117.20013976098  1.645772E-16
7118.40013980867  1.668229E-16
7119.60013985635  1.627292E-16
7120.80013990403  1.613902E-16
7122.00013995172  1.556558E-16
7123.2001399994  1.589885E-16
7124.40014004709  1.612860E-16
7125.60014009477  1.619865E-16
7126.80014014245  1.636813E-16
7128.00014019014  1.606003E-16
7129.20014023782  1.689257E-16
7130.40014028551  1.616521E-16
7131.60014033319  1.613587E-16
7132.80014038087  1.641773E-16
7134.00014042856  1.641211E-16
7135.20014047624  1.659365E-16
7136.40014052392  1.643479E-16
7137.60014057161  1.587895E-16
7138.80014061929  1.610749E-16
7140.00014066697  1.653121E-16
7141.20014071466  1.682251E-16
7142.40014076234  1.832871E-16
7143.60014081003  2.136200E-16
7144.80014085771  2.549957E-16
7146.00014090539  3.413026E-16
7147.20014095308  3.631211E-16
7148.40014100076  2.833179E-16
7149.60014104844  2.013840E-16
